59
2	0	0.60813,0.39187
2	0	0.90413,0.09587
2	2	0	1	0,0:0.01191,0.98809	0,1:0.30936,0.69064	1,0:0.34502,0.65498	1,1:0.50228,0.49772
2	3	0	1	2	0,0,0:0.47738,0.52262	0,0,1:0.37067,0.62933	0,1,0:0.57294,0.42706	0,1,1:0.3626,0.6374	1,0,0:0.68888,0.31112	1,0,1:0.74641,0.25359	1,1,0:0.7406,0.2594	1,1,1:0.48015,0.51985
2	3	0	2	3	0,0,0:0.65767,0.34233	0,0,1:0.84963,0.15037	0,1,0:0.37558,0.62442	0,1,1:0.90474,0.09526	1,0,0:0.16144,0.83856	1,0,1:0.20509,0.79491	1,1,0:0.8936,0.1064	1,1,1:0.24819,0.75181
2	1	4	0:0.17186,0.82814	1:0.16182,0.83818
2	2	1	2	0,0:0.38965,0.61035	0,1:0.58006,0.41994	1,0:0.07059,0.92941	1,1:0.55069,0.44931
2	2	3	4	0,0:0.50005,0.49995	0,1:0.31137,0.68863	1,0:0.58827,0.41173	1,1:0.61421,0.38579
2	2	5	6	0,0:0.15422,0.84578	0,1:0.61364,0.38636	1,0:0.76742,0.23258	1,1:0.61045,0.38955
2	1	3	0:0.20943,0.79057	1:0.4944,0.5056
4	3	5	7	8	0,0,0:0.31538,0.20737,0.27341,0.20384	0,0,1:0.32397,0.00126,0.37454,0.30024	0,1,0:0.24177,0.12297,0.46818,0.16708	0,1,1:0.0953,0.22886,0.31816,0.35769	1,0,0:0.26705,0.28982,0.33073,0.11241	1,0,1:0.38732,0.36795,0.00762,0.23711	1,1,0:0.48408,0.21631,0.16596,0.13366	1,1,1:0.41111,0.17437,0.23443,0.18009
2	1	5	0:0.18262,0.81738	1:0.40047,0.59953
4	1	6	0:0.30776,0.10773,0.27298,0.31153	1:0.25651,0.45443,0.28804,0.00102
4	2	5	10	0,0:0.02625,0.42641,0.32639,0.22095	0,1:0.29025,0.32643,0.30062,0.0827	0,2:0.3019,0.20156,0.13419,0.36235	0,3:0.25506,0.10138,0.27601,0.36755	1,0:0.22325,0.31556,0.40593,0.05526	1,1:0.66197,0.05844,0.00566,0.27393	1,2:0.01929,0.40514,0.35948,0.21609	1,3:0.36714,0.53702,0.08506,0.01078
3	3	5	7	13	0,0,0:0.34499,0.62569,0.02933	0,0,1:0.56329,0.08657,0.35014	0,0,2:0.43271,0.44835,0.11893	0,0,3:0.41419,0.51535,0.07045	0,1,0:0.33248,0.10447,0.56305	0,1,1:0.26161,0.1478,0.5906	0,1,2:0.26891,0.719,0.01209	0,1,3:0.4717,0.52827,3e-05	1,0,0:0.07022,0.10052,0.82927	1,0,1:0.44151,0.03283,0.52566	1,0,2:0.44196,0.30959,0.24844	1,0,3:0.38004,0.1962,0.42376	1,1,0:0.17151,0.39696,0.43153	1,1,1:0.58187,0.40189,0.01623	1,1,2:0.44809,0.30913,0.24279	1,1,3:0.40845,0.37681,0.21474
2	3	4	9	12	0,0,0:0.52923,0.47077	0,0,1:0.56247,0.43753	0,0,2:0.71929,0.28071	0,0,3:0.31675,0.68325	0,1,0:0.52465,0.47535	0,1,1:0.57967,0.42033	0,1,2:0.53916,0.46084	0,1,3:0.26109,0.73891	1,0,0:0.72375,0.27625	1,0,1:0.2007,0.7993	1,0,2:0.07653,0.92347	1,0,3:0.11187,0.88813	1,1,0:0.20643,0.79357	1,1,1:0.11176,0.88824	1,1,2:0.54408,0.45592	1,1,3:0.77615,0.22385
2	2	0	11	0,0:0.98015,0.01985	0,1:0.46287,0.53713	1,0:0.56546,0.43454	1,1:0.46712,0.53288
2	2	3	12	0,0:0.51138,0.48862	0,1:0.43422,0.56578	0,2:0.58851,0.41149	0,3:0.65423,0.34577	1,0:0.50895,0.49105	1,1:0.5064,0.4936	1,2:0.10606,0.89394	1,3:0.32624,0.67376
2	2	3	8	0,0:0.32367,0.67633	0,1:0.26332,0.73668	1,0:0.23994,0.76006	1,1:0.60572,0.39428
2	3	0	4	6	0,0,0:0.94739,0.05261	0,0,1:0.80032,0.19968	0,1,0:0.51733,0.48267	0,1,1:0.43162,0.56838	1,0,0:0.53384,0.46616	1,0,1:0.48323,0.51677	1,1,0:0.63851,0.36149	1,1,1:0.43062,0.56938
2	3	10	12	18	0,0,0:0.71944,0.28056	0,0,1:0.79275,0.20725	0,1,0:0.56579,0.43421	0,1,1:0.71338,0.28662	0,2,0:0.32997,0.67003	0,2,1:0.49385,0.50615	0,3,0:0.17286,0.82714	0,3,1:0.19371,0.80629	1,0,0:0.55976,0.44024	1,0,1:0.4067,0.5933	1,1,0:0.4945,0.5055	1,1,1:0.6146,0.3854	1,2,0:0.58618,0.41382	1,2,1:0.64983,0.35017	1,3,0:0.61386,0.38614	1,3,1:0.30954,0.69046	2,0,0:0.98007,0.01993	2,0,1:0.51269,0.48731	2,1,0:0.73039,0.26961	2,1,1:0.25823,0.74177	2,2,0:0.56635,0.43365	2,2,1:0.69852,0.30148	2,3,0:0.75042,0.24958	2,3,1:0.23033,0.76967	3,0,0:0.10223,0.89777	3,0,1:0.1622,0.8378	3,1,0:0.73792,0.26208	3,1,1:0.4237,0.5763	3,2,0:0.07359,0.92641	3,2,1:0.30643,0.69357	3,3,0:0.07764,0.92236	3,3,1:0.52562,0.47438
2	2	6	19	0,0:0.80994,0.19006	0,1:0.13791,0.86209	1,0:0.26091,0.73909	1,1:0.91686,0.08314
2	3	1	10	13	0,0,0:0.96648,0.03352	0,0,1:0.32621,0.67379	0,0,2:0.88466,0.11534	0,0,3:0.64175,0.35825	0,1,0:0.46608,0.53392	0,1,1:0.23396,0.76604	0,1,2:0.00818,0.99182	0,1,3:0.54909,0.45091	0,2,0:0.67074,0.32926	0,2,1:0.59705,0.40295	0,2,2:0.00462,0.99538	0,2,3:0.86442,0.13558	0,3,0:0.61569,0.38431	0,3,1:0.22841,0.77159	0,3,2:0.0827,0.9173	0,3,3:0.51333,0.48667	1,0,0:0.30446,0.69554	1,0,1:0.45558,0.54442	1,0,2:0.719,0.281	1,0,3:0.51958,0.48042	1,1,0:0.2778,0.7222	1,1,1:0.49424,0.50576	1,1,2:0.56853,0.43147	1,1,3:0.5406,0.4594	1,2,0:0.45053,0.54947	1,2,1:0.21736,0.78264	1,2,2:0.28934,0.71066	1,2,3:0.15338,0.84662	1,3,0:0.10517,0.89483	1,3,1:0.90163,0.09837	1,3,2:0.16721,0.83279	1,3,3:0.31652,0.68348
2	4	3	4	7	13	0,0,0,0:0.24558,0.75442	0,0,0,1:0.11927,0.88073	0,0,0,2:0.49122,0.50878	0,0,0,3:0.49153,0.50847	0,0,1,0:0.66448,0.33552	0,0,1,1:0.35934,0.64066	0,0,1,2:0.99655,0.00345	0,0,1,3:0.43292,0.56708	0,1,0,0:0.63718,0.36282	0,1,0,1:0.5629,0.4371	0,1,0,2:0.31922,0.68078	0,1,0,3:0.32932,0.67068	0,1,1,0:0.94204,0.05796	0,1,1,1:0.18635,0.81365	0,1,1,2:0.64706,0.35294	0,1,1,3:0.31476,0.68524	1,0,0,0:0.66626,0.33374	1,0,0,1:0.69729,0.30271	1,0,0,2:0.7111,0.2889	1,0,0,3:0.28958,0.71042	1,0,1,0:0.28156,0.71844	1,0,1,1:0.47167,0.52833	1,0,1,2:0.28252,0.71748	1,0,1,3:0.03685,0.96315	1,1,0,0:0.58788,0.41212	1,1,0,1:0.06526,0.93474	1,1,0,2:0.98654,0.01346	1,1,0,3:0.17169,0.82831	1,1,1,0:0.34408,0.65592	1,1,1,1:0.4869,0.5131	1,1,1,2:0.73398,0.26602	1,1,1,3:0.74532,0.25468
2	1	18	0:0.25456,0.74544	1:0.4668,0.5332
2	3	4	23	24	0,0,0:0.52558,0.47442	0,0,1:0.13019,0.86981	0,1,0:0.57418,0.42582	0,1,1:0.15568,0.84432	1,0,0:0.40604,0.59396	1,0,1:0.4764,0.5236	1,1,0:0.67665,0.32335	1,1,1:0.37867,0.62133
2	2	1	12	0,0:0.42337,0.57663	0,1:0.53125,0.46875	0,2:0.48179,0.51821	0,3:0.18539,0.81461	1,0:0.30012,0.69988	1,1:0.67077,0.32923	1,2:0.53043,0.46957	1,3:0.95893,0.04107
3	2	4	15	0,0:0.00587,0.89016,0.10398	0,1:0.12734,0.46036,0.4123	1,0:0.32544,0.51828,0.15628	1,1:0.2427,0.16492,0.59239
3	2	8	16	0,0:0.30449,0.2592,0.43632	0,1:0.41321,0.40304,0.18374	1,0:0.07518,0.39002,0.5348	1,1:0.03863,0.4914,0.46996
2	3	6	15	21	0,0,0:0.62432,0.37568	0,0,1:0.58257,0.41743	0,1,0:0.38685,0.61315	0,1,1:0.34606,0.65394	1,0,0:0.92403,0.07597	1,0,1:0.69896,0.30104	1,1,0:0.66229,0.33771	1,1,1:0.48351,0.51649
2	3	2	10	28	0,0,0:0.03629,0.96371	0,0,1:0.20783,0.79217	0,0,2:0.39336,0.60664	0,1,0:0.39818,0.60182	0,1,1:0.42404,0.57596	0,1,2:0.43329,0.56671	0,2,0:0.72186,0.27814	0,2,1:0.99371,0.00629	0,2,2:0.75896,0.24104	0,3,0:0.54486,0.45514	0,3,1:0.37179,0.62821	0,3,2:0.27547,0.72453	1,0,0:0.2339,0.7661	1,0,1:0.43131,0.56869	1,0,2:0.5433,0.4567	1,1,0:0.96022,0.03978	1,1,1:0.54605,0.45395	1,1,2:0.89443,0.10557	1,2,0:0.41451,0.58549	1,2,1:0.38484,0.61516	1,2,2:0.14593,0.85407	1,3,0:0.32686,0.67314	1,3,1:0.22581,0.77419	1,3,2:0.25072,0.74928
3	3	8	21	23	0,0,0:0.24085,0.56137,0.19778	0,0,1:0.29483,0.25222,0.45295	0,1,0:0.37506,0.24947,0.37547	0,1,1:0.4565,0.1943,0.3492	1,0,0:0.56638,0.39807,0.03555	1,0,1:0.25303,0.25622,0.49075	1,1,0:0.54706,0.28805,0.1649	1,1,1:0.5873,0.00803,0.40467
3	4	9	12	22	29	0,0,0,0:0.55852,0.19428,0.2472	0,0,0,1:0.8251,0.08023,0.09467	0,0,1,0:0.21913,0.35713,0.42374	0,0,1,1:0.32391,0.3369,0.33919	0,1,0,0:0.09405,0.11367,0.79229	0,1,0,1:0.38145,0.24005,0.3785	0,1,1,0:0.59628,0.30754,0.09619	0,1,1,1:0.48931,0.32218,0.18851	0,2,0,0:0.11221,0.65393,0.23386	0,2,0,1:0.14581,0.04629,0.8079	0,2,1,0:0.08964,0.31457,0.59578	0,2,1,1:0.30141,0.33005,0.36854	0,3,0,0:0.29589,0.53399,0.17011	0,3,0,1:0.61133,0.01472,0.37395	0,3,1,0:0.11708,0.61583,0.2671	0,3,1,1:0.49801,0.16727,0.33472	1,0,0,0:0.40662,0.30343,0.28996	1,0,0,1:0.34286,0.5666,0.09055	1,0,1,0:0.53026,0.373,0.09674	1,0,1,1:0.33665,0.09514,0.56821	1,1,0,0:0.40777,0.45321,0.13902	1,1,0,1:0.44676,0.18398,0.36926	1,1,1,0:0.31638,0.26638,0.41723	1,1,1,1:0.21233,0.56863,0.21904	1,2,0,0:0.28462,0.35138,0.364	1,2,0,1:0.36634,0.37018,0.26348	1,2,1,0:0.4097,0.17271,0.4176	1,2,1,1:0.10979,0.60359,0.28662	1,3,0,0:0.39276,0.2879,0.31934	1,3,0,1:0.05259,0.59156,0.35585	1,3,1,0:0.26738,0.68947,0.04316	1,3,1,1:0.48264,0.38119,0.13617
2	2	8	25	0,0:0.48718,0.51282	0,1:0.50189,0.49811	1,0:0.34799,0.65201	1,1:0.58466,0.41534
2	3	3	18	31	0,0,0:0.97096,0.02904	0,0,1:0.59103,0.40897	0,0,2:0.20036,0.79964	0,1,0:0.54296,0.45704	0,1,1:0.56037,0.43963	0,1,2:0.69337,0.30663	1,0,0:0.86333,0.13667	1,0,1:0.64432,0.35568	1,0,2:0.41421,0.58579	1,1,0:0.5584,0.4416	1,1,1:0.37677,0.62323	1,1,2:0.70619,0.29381
2	2	4	7	0,0:0.13141,0.86859	0,1:0.49718,0.50282	1,0:0.53568,0.46432	1,1:0.51114,0.48886
2	2	8	34	0,0:0.11569,0.88431	0,1:0.43326,0.56674	1,0:0.62124,0.37876	1,1:0.82851,0.17149
4	1	32	0:0.12099,0.36209,0.28055,0.23637	1:0.42416,0.26106,0.15801,0.15676	2:0.29643,0.20609,0.15373,0.34375
2	1	0	0:0.19433,0.80567	1:0.70641,0.29359
4	1	2	0:0.02338,0.38728,0.17053,0.4188	1:0.10294,0.13128,0.64173,0.12406
2	4	18	31	33	38	0,0,0,0:0.35864,0.64136	0,0,0,1:0.95047,0.04953	0,0,1,0:0.49873,0.50127	0,0,1,1:0.77153,0.22847	0,1,0,0:0.81121,0.18879	0,1,0,1:0.72334,0.27666	0,1,1,0:0.58672,0.41328	0,1,1,1:0.56427,0.43573	0,2,0,0:0.74624,0.25376	0,2,0,1:0.59355,0.40645	0,2,1,0:0.56484,0.43516	0,2,1,1:0.99655,0.00345	1,0,0,0:0.43761,0.56239	1,0,0,1:0.63146,0.36854	1,0,1,0:0.25905,0.74095	1,0,1,1:0.24421,0.75579	1,1,0,0:0.51049,0.48951	1,1,0,1:0.8141,0.1859	1,1,1,0:0.9111,0.0889	1,1,1,1:0.39145,0.60855	1,2,0,0:0.51753,0.48247	1,2,0,1:0.6131,0.3869	1,2,1,0:0.72502,0.27498	1,2,1,1:0.51362,0.48638
2	3	8	28	32	0,0,0:0.54003,0.45997	0,0,1:0.23901,0.76099	0,0,2:0.96301,0.03699	0,1,0:0.33967,0.66033	0,1,1:0.52305,0.47695	0,1,2:0.76185,0.23815	0,2,0:0.28689,0.71311	0,2,1:0.67327,0.32673	0,2,2:0.81019,0.18981	1,0,0:0.98103,0.01897	1,0,1:0.30845,0.69155	1,0,2:0.61499,0.38501	1,1,0:0.46027,0.53973	1,1,1:0.1175,0.8825	1,1,2:0.83993,0.16007	1,2,0:0.20397,0.79603	1,2,1:0.53348,0.46652	1,2,2:0.51451,0.48549
3	3	29	35	36	0,0,0:0.29357,0.31496,0.39147	0,0,1:0.08833,0.46274,0.44893	0,1,0:0.46508,0.03293,0.50199	0,1,1:0.22914,0.28536,0.4855	1,0,0:0.40057,0.40791,0.19151	1,0,1:0.32855,0.31534,0.35611	1,1,0:0.31027,0.54399,0.14574	1,1,1:0.02175,0.22826,0.74999
2	3	19	28	33	0,0,0:0.58305,0.41695	0,0,1:0.74448,0.25552	0,1,0:0.62448,0.37552	0,1,1:0.96858,0.03142	0,2,0:0.76745,0.23255	0,2,1:0.4785,0.5215	1,0,0:0.52318,0.47682	1,0,1:0.35601,0.64399	1,1,0:0.35733,0.64267	1,1,1:0.63897,0.36103	1,2,0:0.04506,0.95494	1,2,1:0.21386,0.78614
3	3	7	12	40	0,0,0:0.67045,0.29379,0.03577	0,0,1:0.55998,0.18396,0.25606	0,1,0:0.33424,0.33936,0.3264	0,1,1:0.12435,0.40747,0.46819	0,2,0:0.06964,0.66477,0.26559	0,2,1:0.50142,0.01599,0.48259	0,3,0:0.1264,0.34461,0.52899	0,3,1:0.47044,0.47565,0.05391	1,0,0:0.26952,0.18718,0.54329	1,0,1:0.57628,0.34293,0.08079	1,1,0:0.39796,0.00407,0.59797	1,1,1:0.14863,0.47449,0.37688	1,2,0:0.74027,0.2049,0.05483	1,2,1:0.41136,0.17282,0.41583	1,3,0:0.05973,0.08719,0.85308	1,3,1:0.55317,0.31046,0.13637
2	2	0	32	0,0:0.38331,0.61669	0,1:0.52776,0.47224	0,2:0.53905,0.46095	1,0:0.37574,0.62426	1,1:0.68647,0.31353	1,2:0.73047,0.26953
2	4	12	27	30	37	0,0,0,0:0.60788,0.39212	0,0,0,1:0.75789,0.24211	0,0,0,2:0.36201,0.63799	0,0,0,3:0.10291,0.89709	0,0,1,0:0.0646,0.9354	0,0,1,1:0.40782,0.59218	0,0,1,2:0.44131,0.55869	0,0,1,3:0.00364,0.99636	0,1,0,0:0.39438,0.60562	0,1,0,1:0.55395,0.44605	0,1,0,2:0.5582,0.4418	0,1,0,3:0.73877,0.26123	0,1,1,0:0.24289,0.75711	0,1,1,1:0.19259,0.80741	0,1,1,2:0.30056,0.69944	0,1,1,3:0.52194,0.47806	0,2,0,0:0.93418,0.06582	0,2,0,1:0.73323,0.26677	0,2,0,2:0.08186,0.91814	0,2,0,3:0.70608,0.29392	0,2,1,0:0.26269,0.73731	0,2,1,1:0.69635,0.30365	0,2,1,2:0.39472,0.60528	0,2,1,3:0.52715,0.47285	1,0,0,0:0.38747,0.61253	1,0,0,1:0.28589,0.71411	1,0,0,2:0.22868,0.77132	1,0,0,3:0.91111,0.08889	1,0,1,0:0.89585,0.10415	1,0,1,1:0.22135,0.77865	1,0,1,2:0.51376,0.48624	1,0,1,3:0.4906,0.5094	1,1,0,0:0.71446,0.28554	1,1,0,1:0.73794,0.26206	1,1,0,2:0.90229,0.09771	1,1,0,3:0.62794,0.37206	1,1,1,0:0.28605,0.71395	1,1,1,1:0.23257,0.76743	1,1,1,2:0.4804,0.5196	1,1,1,3:0.10921,0.89079	1,2,0,0:0.16432,0.83568	1,2,0,1:0.59179,0.40821	1,2,0,2:0.40461,0.59539	1,2,0,3:0.58932,0.41068	1,2,1,0:0.49238,0.50762	1,2,1,1:0.7281,0.2719	1,2,1,2:0.77814,0.22186	1,2,1,3:0.65985,0.34015	2,0,0,0:0.37793,0.62207	2,0,0,1:0.48402,0.51598	2,0,0,2:0.50258,0.49742	2,0,0,3:0.22456,0.77544	2,0,1,0:0.05444,0.94556	2,0,1,1:0.76353,0.23647	2,0,1,2:0.66922,0.33078	2,0,1,3:0.30923,0.69077	2,1,0,0:0.39973,0.60027	2,1,0,1:0.53287,0.46713	2,1,0,2:0.70778,0.29222	2,1,0,3:0.63933,0.36067	2,1,1,0:0.83393,0.16607	2,1,1,1:0.39827,0.60173	2,1,1,2:0.96256,0.03744	2,1,1,3:0.46881,0.53119	2,2,0,0:0.54958,0.45042	2,2,0,1:0.29938,0.70062	2,2,0,2:0.59546,0.40454	2,2,0,3:0.64908,0.35092	2,2,1,0:0.06359,0.93641	2,2,1,1:0.54349,0.45651	2,2,1,2:0.41418,0.58582	2,2,1,3:0.84438,0.15562	3,0,0,0:0.48332,0.51668	3,0,0,1:0.44191,0.55809	3,0,0,2:0.90026,0.09974	3,0,0,3:0.55995,0.44005	3,0,1,0:0.71041,0.28959	3,0,1,1:0.42844,0.57156	3,0,1,2:0.44723,0.55277	3,0,1,3:0.75188,0.24812	3,1,0,0:0.77035,0.22965	3,1,0,1:0.49764,0.50236	3,1,0,2:0.11487,0.88513	3,1,0,3:0.47484,0.52516	3,1,1,0:0.8042,0.1958	3,1,1,1:0.80184,0.19816	3,1,1,2:0.30421,0.69579	3,1,1,3:0.43533,0.56467	3,2,0,0:0.36997,0.63003	3,2,0,1:0.9325,0.0675	3,2,0,2:0.62671,0.37329	3,2,0,3:0.73393,0.26607	3,2,1,0:0.21545,0.78455	3,2,1,1:0.47339,0.52661	3,2,1,2:0.51175,0.48825	3,2,1,3:0.74478,0.25522
2	1	8	0:0.26602,0.73398	1:0.42801,0.57199
2	2	27	36	0,0:0.20817,0.79183	0,1:0.64476,0.35524	1,0:0.77795,0.22205	1,1:0.71257,0.28743	2,0:0.39836,0.60164	2,1:0.36899,0.63101
2	3	1	11	22	0,0,0:0.61071,0.38929	0,0,1:0.64596,0.35404	0,1,0:0.40122,0.59878	0,1,1:0.55893,0.44107	1,0,0:0.50387,0.49613	1,0,1:0.59378,0.40622	1,1,0:0.77606,0.22394	1,1,1:0.29262,0.70738
2	0	0.9999,0.0001
2	0	0.7,0.3
2	0	0.7345,0.2655
3	4	49	50	51	52	0,0,0,0:0.96,0.03,0.01	0,0,0,1:0.85,0.13,0.02	0,0,1,0:0.32,0.56,0.12	0,0,1,1:0.29,0.61,0.1	0,1,0,0:0.28,0.38,0.34	0,1,0,1:0.25,0.33,0.42	0,1,1,0:0.16,0.43,0.41	0,1,1,1:0.08,0.16,0.76	1,0,0,0:0.41,0.44,0.15	1,0,0,1:0.27,0.32,0.41	1,0,1,0:0.07,0.45,0.48	1,0,1,1:0.12,0.3,0.58	1,1,0,0:0.14,0.34,0.52	1,1,0,1:0.07,0.31,0.62	1,1,1,0:0.07,0.21,0.72	1,1,1,1:0.01,0.06,0.93
2	1	53	0:0.9,0.1	1:0.77,0.23	2:0.16,0.84
2	1	53	0:0.63,0.37	1:0.55,0.45	2:0.34,0.66
2	1	53	0:0.97,0.03	1:0.39,0.61	2:0.92,0.08
2	1	53	0:0.59,0.41	1:0.16,0.84	2:0.02,0.98
2	1	53	0:0.72,0.28	1:0.45,0.55	2:0.28,0.72
15
1	1
2	1
7	1
13	1
22	1
27	1
31	0
35	1
37	3
38	0
49	0
51	0
54	0
56	0
58	0
53
