19
3	0	0.16109,0.33847,0.50044
3	0	0.21489,0.65863,0.12648
2	2	0	1	0,0:0.31801,0.68199	0,1:0.35107,0.64893	0,2:0.37467,0.62533	1,0:0.63387,0.36613	1,1:0.30202,0.69798	1,2:0.45423,0.54577	2,0:0.98356,0.01644	2,1:0.38022,0.61978	2,2:0.57234,0.42766
2	1	2	0:0.49674,0.50326	1:0.48747,0.51253
2	1	0	0:0.50398,0.49602	1:0.4858,0.5142	2:0.42413,0.57587
2	3	1	2	3	0,0,0:0.9426,0.0574	0,0,1:0.77327,0.22673	0,1,0:0.67077,0.32923	0,1,1:0.00242,0.99758	1,0,0:0.86727,0.13273	1,0,1:0.69377,0.30623	1,1,0:0.57763,0.42237	1,1,1:0.29851,0.70149	2,0,0:0.43312,0.56688	2,0,1:0.11761,0.88239	2,1,0:0.81116,0.18884	2,1,1:0.69201,0.30799
3	1	0	0:0.16861,0.3516,0.47979	1:0.87573,0.00978,0.11449	2:0.75455,0.19254,0.05291
3	2	0	5	0,0:0.14619,0.45537,0.39843	0,1:0.70027,0.05138,0.24834	1,0:0.39109,0.45714,0.15176	1,1:0.34547,0.31413,0.3404	2,0:0.28858,0.19213,0.51929	2,1:0.49318,0.05746,0.44936
2	2	0	7	0,0:0.81614,0.18386	0,1:0.44631,0.55369	0,2:0.87547,0.12453	1,0:0.6817,0.3183	1,1:0.79259,0.20741	1,2:0.73737,0.26263	2,0:0.51969,0.48031	2,1:0.33985,0.66015	2,2:0.61254,0.38746
2	1	7	0:0.29232,0.70768	1:0.1563,0.8437	2:0.8157,0.1843
2	0	0.9999,0.0001
2	0	0.7,0.3
2	0	0.7345,0.2655
3	4	9	10	11	12	0,0,0,0:0.96,0.03,0.01	0,0,0,1:0.85,0.13,0.02	0,0,1,0:0.32,0.56,0.12	0,0,1,1:0.29,0.61,0.1	0,1,0,0:0.28,0.38,0.34	0,1,0,1:0.25,0.33,0.42	0,1,1,0:0.16,0.43,0.41	0,1,1,1:0.08,0.16,0.76	1,0,0,0:0.41,0.44,0.15	1,0,0,1:0.27,0.32,0.41	1,0,1,0:0.07,0.45,0.48	1,0,1,1:0.12,0.3,0.58	1,1,0,0:0.14,0.34,0.52	1,1,0,1:0.07,0.31,0.62	1,1,1,0:0.07,0.21,0.72	1,1,1,1:0.01,0.06,0.93
2	1	13	0:0.9,0.1	1:0.77,0.23	2:0.16,0.84
2	1	13	0:0.63,0.37	1:0.55,0.45	2:0.34,0.66
2	1	13	0:0.97,0.03	1:0.39,0.61	2:0.92,0.08
2	1	13	0:0.59,0.41	1:0.16,0.84	2:0.02,0.98
2	1	13	0:0.72,0.28	1:0.45,0.55	2:0.28,0.72
9
0	2
1	2
3	0
4	1
5	1
11	0
14	1
16	0
17	0
13
