59
2	0	0.75204,0.24796
2	0	0.26221,0.73779
3	2	0	1	0,0:0.25143,0.27351,0.47506	0,1:0.24131,0.69917,0.05952	1,0:0.69515,0.27089,0.03396	1,1:0.38233,0.6117,0.00597
2	3	0	1	2	0,0,0:0.33158,0.66842	0,0,1:0.40478,0.59522	0,0,2:0.57226,0.42774	0,1,0:0.91166,0.08834	0,1,1:0.46996,0.53004	0,1,2:0.36513,0.63487	1,0,0:0.51334,0.48666	1,0,1:0.82411,0.17589	1,0,2:0.4406,0.5594	1,1,0:0.60445,0.39555	1,1,1:0.62469,0.37531	1,1,2:0.46542,0.53458
3	3	0	1	2	0,0,0:0.18251,0.3584,0.45909	0,0,1:0.2899,0.33702,0.37308	0,0,2:0.37134,0.19683,0.43183	0,1,0:0.40767,0.30589,0.28644	0,1,1:0.32252,0.306,0.37148	0,1,2:0.22726,0.45018,0.32256	1,0,0:0.42413,0.39348,0.1824	1,0,1:0.22266,0.76806,0.00928	1,0,2:0.41323,0.40431,0.18246	1,1,0:0.57456,0.08012,0.34532	1,1,1:0.47899,0.23178,0.28923	1,1,2:0.42285,0.25581,0.32134
2	1	2	0:0.77787,0.22213	1:0.19358,0.80642	2:0.66856,0.33144
2	2	1	5	0,0:0.41307,0.58693	0,1:0.98881,0.01119	1,0:0.16179,0.83821	1,1:0.36942,0.63058
2	1	6	0:0.41282,0.58718	1:0.44981,0.55019
2	2	0	4	0,0:0.42551,0.57449	0,1:0.30112,0.69888	0,2:0.32667,0.67333	1,0:0.01608,0.98392	1,1:0.45291,0.54709	1,2:0.51606,0.48394
3	2	1	5	0,0:0.0916,0.32265,0.58576	0,1:0.50075,0.37078,0.12847	1,0:0.37497,0.37276,0.25227	1,1:0.07196,0.7499,0.17814
2	4	0	2	5	8	0,0,0,0:0.71476,0.28524	0,0,0,1:0.50806,0.49194	0,0,1,0:0.35547,0.64453	0,0,1,1:0.68339,0.31661	0,1,0,0:0.80355,0.19645	0,1,0,1:0.35531,0.64469	0,1,1,0:0.42378,0.57622	0,1,1,1:0.33074,0.66926	0,2,0,0:0.11906,0.88094	0,2,0,1:0.71526,0.28474	0,2,1,0:0.39923,0.60077	0,2,1,1:0.22657,0.77343	1,0,0,0:0.73848,0.26152	1,0,0,1:0.67419,0.32581	1,0,1,0:0.22989,0.77011	1,0,1,1:0.601,0.399	1,1,0,0:0.82325,0.17675	1,1,0,1:0.74433,0.25567	1,1,1,0:0.47383,0.52617	1,1,1,1:0.6908,0.3092	1,2,0,0:0.95428,0.04572	1,2,0,1:0.44714,0.55286	1,2,1,0:0.82358,0.17642	1,2,1,1:0.10604,0.89396
2	2	7	9	0,0:0.85164,0.14836	0,1:0.60413,0.39587	0,2:0.34201,0.65799	1,0:0.15233,0.84767	1,1:0.488,0.512	1,2:0.51285,0.48715
4	1	5	0:0.31389,0.44302,0.21704,0.02605	1:0.14967,0.25334,0.16887,0.42812
2	3	0	10	12	0,0,0:0.65667,0.34333	0,0,1:0.50434,0.49566	0,0,2:0.69871,0.30129	0,0,3:0.21876,0.78124	0,1,0:0.39591,0.60409	0,1,1:0.24645,0.75355	0,1,2:0.6164,0.3836	0,1,3:0.80961,0.19039	1,0,0:0.47863,0.52137	1,0,1:0.83376,0.16624	1,0,2:0.41862,0.58138	1,0,3:0.96317,0.03683	1,1,0:0.72301,0.27699	1,1,1:0.5753,0.4247	1,1,2:0.43518,0.56482	1,1,3:0.09338,0.90662
2	1	0	0:0.70114,0.29886	1:0.37664,0.62336
3	2	4	8	0,0:0.21691,0.38593,0.39716	0,1:0.2825,0.47689,0.24061	1,0:0.47211,0.42042,0.10747	1,1:0.30373,0.38031,0.31597	2,0:0.60042,0.0667,0.33288	2,1:0.45716,0.25781,0.28503
2	3	13	14	15	0,0,0:0.31816,0.68184	0,0,1:0.68752,0.31248	0,0,2:0.24538,0.75462	0,1,0:0.41689,0.58311	0,1,1:0.40856,0.59144	0,1,2:0.24137,0.75863	1,0,0:0.0689,0.9311	1,0,1:0.49089,0.50911	1,0,2:0.39507,0.60493	1,1,0:0.73551,0.26449	1,1,1:0.57651,0.42349	1,1,2:0.73543,0.26457
2	2	6	9	0,0:0.46791,0.53209	0,1:0.44276,0.55724	0,2:0.14425,0.85575	1,0:0.7017,0.2983	1,1:0.68364,0.31636	1,2:0.18802,0.81198
4	3	1	3	9	0,0,0:0.36238,0.28645,0.02201,0.32916	0,0,1:0.30833,0.15425,0.02531,0.51211	0,0,2:0.30361,0.22336,0.35812,0.11492	0,1,0:0.49133,0.03398,0.09538,0.37931	0,1,1:0.23255,0.21137,0.24803,0.30806	0,1,2:0.17001,0.3753,0.01371,0.44098	1,0,0:0.23473,0.33,0.31643,0.11883	1,0,1:0.28865,0.22532,0.43604,0.05	1,0,2:0.4569,0.37271,0.04601,0.12438	1,1,0:0.37336,0.15415,0.37052,0.10197	1,1,1:0.06641,0.16262,0.22372,0.54725	1,1,2:0.22736,0.29556,0.26784,0.20924
2	2	2	5	0,0:0.7767,0.2233	0,1:0.53715,0.46285	1,0:0.57587,0.42413	1,1:0.22285,0.77715	2,0:0.51379,0.48621	2,1:0.51659,0.48341
2	4	2	12	17	19	0,0,0,0:0.41351,0.58649	0,0,0,1:0.4137,0.5863	0,0,1,0:0.34682,0.65318	0,0,1,1:0.95672,0.04328	0,1,0,0:0.68191,0.31809	0,1,0,1:0.7532,0.2468	0,1,1,0:0.06023,0.93977	0,1,1,1:0.75665,0.24335	0,2,0,0:0.60644,0.39356	0,2,0,1:0.37647,0.62353	0,2,1,0:0.66607,0.33393	0,2,1,1:0.35763,0.64237	0,3,0,0:0.51267,0.48733	0,3,0,1:0.4399,0.5601	0,3,1,0:0.45818,0.54182	0,3,1,1:0.11083,0.88917	1,0,0,0:0.33301,0.66699	1,0,0,1:0.73226,0.26774	1,0,1,0:0.50311,0.49689	1,0,1,1:0.23827,0.76173	1,1,0,0:0.33239,0.66761	1,1,0,1:0.54653,0.45347	1,1,1,0:0.71134,0.28866	1,1,1,1:0.86068,0.13932	1,2,0,0:0.74145,0.25855	1,2,0,1:0.13101,0.86899	1,2,1,0:0.47674,0.52326	1,2,1,1:0.40118,0.59882	1,3,0,0:0.43503,0.56497	1,3,0,1:0.31631,0.68369	1,3,1,0:0.89514,0.10486	1,3,1,1:0.52037,0.47963	2,0,0,0:0.06424,0.93576	2,0,0,1:0.59248,0.40752	2,0,1,0:0.24584,0.75416	2,0,1,1:0.54505,0.45495	2,1,0,0:0.50919,0.49081	2,1,0,1:0.68652,0.31348	2,1,1,0:0.53347,0.46653	2,1,1,1:0.1562,0.8438	2,2,0,0:0.8665,0.1335	2,2,0,1:0.63019,0.36981	2,2,1,0:0.62904,0.37096	2,2,1,1:0.33639,0.66361	2,3,0,0:0.95624,0.04376	2,3,0,1:0.54562,0.45438	2,3,1,0:0.12542,0.87458	2,3,1,1:0.7986,0.2014
4	3	10	11	20	0,0,0:0.14394,0.03524,0.48878,0.33204	0,0,1:0.13066,0.35027,0.19236,0.3267	0,1,0:0.15814,0.39179,0.3855,0.06457	0,1,1:0.44644,0.46821,0.07697,0.00838	1,0,0:0.07962,0.37232,0.127,0.42107	1,0,1:0.2517,0.27092,0.12179,0.3556	1,1,0:0.29298,0.26174,0.26993,0.17536	1,1,1:0.20439,0.19001,0.34802,0.25757
2	1	4	0:0.73867,0.26133	1:0.17775,0.82225	2:0.90131,0.09869
3	1	8	0:0.10513,0.63831,0.25656	1:0.4149,0.22407,0.36103
4	2	8	23	0,0:0.30202,0.24617,0.20471,0.2471	0,1:0.30443,0.30728,0.31468,0.07362	0,2:0.22524,0.1848,0.15995,0.43001	1,0:0.09996,0.20709,0.4202,0.27275	1,1:0.33709,0.07108,0.25654,0.33528	1,2:0.11784,0.42973,0.33411,0.11831
2	1	22	0:0.14924,0.85076	1:0.92136,0.07864
3	3	2	15	18	0,0,0:0.14601,0.38384,0.47015	0,0,1:0.45709,0.16499,0.37792	0,0,2:0.26407,0.53911,0.19682	0,0,3:0.25582,0.37168,0.3725	0,1,0:0.21999,0.34472,0.43528	0,1,1:0.35349,0.63679,0.00971	0,1,2:0.40663,0.04158,0.55179	0,1,3:0.64906,0.1742,0.17674	0,2,0:0.27203,0.20702,0.52095	0,2,1:0.17548,0.61126,0.21326	0,2,2:0.21809,0.32499,0.45692	0,2,3:0.25164,0.49417,0.25419	1,0,0:0.25591,0.10054,0.64355	1,0,1:0.31926,0.38174,0.299	1,0,2:0.38844,0.20488,0.40668	1,0,3:0.32855,0.3789,0.29255	1,1,0:0.46319,0.37535,0.16147	1,1,1:0.18761,0.61269,0.19971	1,1,2:0.07561,0.61988,0.30451	1,1,3:0.4704,0.30751,0.22209	1,2,0:0.20684,0.44978,0.34339	1,2,1:0.20948,0.25785,0.53266	1,2,2:0.34307,0.41418,0.24274	1,2,3:0.41541,0.31754,0.26705	2,0,0:0.42657,0.28778,0.28565	2,0,1:0.27203,0.54221,0.18576	2,0,2:0.13133,0.39901,0.46966	2,0,3:0.51538,0.02374,0.46089	2,1,0:0.3663,0.47523,0.15848	2,1,1:0.15947,0.6804,0.16013	2,1,2:0.00048,0.47495,0.52457	2,1,3:0.11867,0.47849,0.40284	2,2,0:0.58886,0.16486,0.24628	2,2,1:0.13889,0.54277,0.31835	2,2,2:0.46863,0.14057,0.3908	2,2,3:0.68719,0.22789,0.08492
2	1	11	0:0.41915,0.58085	1:0.41103,0.58897
2	1	10	0:0.2635,0.7365	1:0.48552,0.51448
2	2	3	13	0,0:0.90697,0.09303	0,1:0.59037,0.40963	1,0:0.16753,0.83247	1,1:0.57544,0.42456
3	4	2	6	9	20	0,0,0,0:0.188,0.1693,0.6427	0,0,0,1:0.1142,0.49975,0.38605	0,0,1,0:0.38286,0.26964,0.3475	0,0,1,1:0.04122,0.60539,0.35339	0,0,2,0:0.10156,0.35778,0.54066	0,0,2,1:0.39208,0.36762,0.24031	0,1,0,0:0.4179,0.16979,0.41232	0,1,0,1:0.13611,0.55464,0.30925	0,1,1,0:0.04256,0.46494,0.4925	0,1,1,1:0.13144,0.45333,0.41523	0,1,2,0:0.22744,0.26411,0.50844	0,1,2,1:0.6048,0.37957,0.01562	1,0,0,0:0.32033,0.06912,0.61055	1,0,0,1:0.24354,0.13438,0.62208	1,0,1,0:0.02236,0.59742,0.38022	1,0,1,1:0.47793,0.05984,0.46223	1,0,2,0:0.75659,0.06902,0.1744	1,0,2,1:0.32304,0.39412,0.28284	1,1,0,0:0.30666,0.34432,0.34903	1,1,0,1:0.12502,0.33754,0.53743	1,1,1,0:0.4114,0.31322,0.27539	1,1,1,1:0.18111,0.53105,0.28784	1,1,2,0:0.57775,0.07358,0.34867	1,1,2,1:0.47483,0.0549,0.47027	2,0,0,0:0.62808,0.20267,0.16926	2,0,0,1:0.00095,0.42498,0.57407	2,0,1,0:0.32408,0.55499,0.12093	2,0,1,1:0.4151,0.02342,0.56148	2,0,2,0:0.51891,0.02218,0.4589	2,0,2,1:0.30099,0.65318,0.04583	2,1,0,0:0.22725,0.60273,0.17002	2,1,0,1:0.07897,0.23803,0.68299	2,1,1,0:0.20497,0.56316,0.23187	2,1,1,1:0.22934,0.35797,0.41269	2,1,2,0:0.44707,0.46478,0.08816	2,1,2,1:0.17445,0.69608,0.12947
2	3	9	10	24	0,0,0:0.47914,0.52086	0,0,1:0.14273,0.85727	0,0,2:0.77718,0.22282	0,0,3:0.08897,0.91103	0,1,0:0.30424,0.69576	0,1,1:0.34828,0.65172	0,1,2:0.2302,0.7698	0,1,3:0.36601,0.63399	1,0,0:0.43142,0.56858	1,0,1:0.51847,0.48153	1,0,2:0.83793,0.16207	1,0,3:0.24725,0.75275	1,1,0:0.4659,0.5341	1,1,1:0.58645,0.41355	1,1,2:0.16347,0.83653	1,1,3:0.73439,0.26561	2,0,0:0.53435,0.46565	2,0,1:0.45652,0.54348	2,0,2:0.6255,0.3745	2,0,3:0.4237,0.5763	2,1,0:0.56063,0.43937	2,1,1:0.6029,0.3971	2,1,2:0.42075,0.57925	2,1,3:0.00907,0.99093
2	2	10	12	0,0:0.5404,0.4596	0,1:0.66792,0.33208	0,2:0.35851,0.64149	0,3:0.99648,0.00352	1,0:0.24713,0.75287	1,1:0.50625,0.49375	1,2:0.29667,0.70333	1,3:0.45679,0.54321
3	4	4	9	16	32	0,0,0,0:0.06235,0.10143,0.83622	0,0,0,1:0.46344,0.43144,0.10511	0,0,1,0:0.19209,0.4662,0.34171	0,0,1,1:0.22731,0.42104,0.35165	0,1,0,0:0.58878,0.23727,0.17395	0,1,0,1:0.36705,0.27998,0.35297	0,1,1,0:0.03986,0.40384,0.5563	0,1,1,1:0.48789,0.25303,0.25908	0,2,0,0:0.4634,0.03882,0.49779	0,2,0,1:0.57467,0.2897,0.13563	0,2,1,0:0.49731,0.35353,0.14916	0,2,1,1:0.24344,0.35835,0.39821	1,0,0,0:0.48131,0.06791,0.45078	1,0,0,1:0.38993,0.45713,0.15294	1,0,1,0:0.4816,0.38842,0.12998	1,0,1,1:0.1013,0.48101,0.41769	1,1,0,0:0.26072,0.28821,0.45108	1,1,0,1:0.37395,0.42941,0.19664	1,1,1,0:0.38712,0.54027,0.07262	1,1,1,1:0.45192,0.42481,0.12328	1,2,0,0:0.32954,0.5605,0.10997	1,2,0,1:0.58541,0.26155,0.15304	1,2,1,0:0.13997,0.46661,0.39342	1,2,1,1:0.38075,0.5834,0.03585	2,0,0,0:0.40805,0.52216,0.06978	2,0,0,1:0.45214,0.29138,0.25648	2,0,1,0:0.40895,0.17046,0.42059	2,0,1,1:0.35018,0.24501,0.40481	2,1,0,0:0.43976,0.36032,0.19992	2,1,0,1:0.42588,0.16789,0.40623	2,1,1,0:0.47203,0.41785,0.11012	2,1,1,1:0.41969,0.5317,0.04861	2,2,0,0:0.08311,0.39082,0.52607	2,2,0,1:0.0857,0.77485,0.13944	2,2,1,0:0.40179,0.3464,0.25181	2,2,1,1:0.09085,0.2862,0.62295
3	3	7	17	29	0,0,0:0.39445,0.26179,0.34376	0,0,1:0.27349,0.46492,0.26159	0,1,0:0.29838,0.29032,0.4113	0,1,1:0.13455,0.29856,0.56689	1,0,0:0.36503,0.37157,0.26339	1,0,1:0.22359,0.49254,0.28387	1,1,0:0.12908,0.37134,0.49958	1,1,1:0.73208,0.14694,0.12099
4	4	4	14	24	29	0,0,0,0:0.14615,0.09359,0.61551,0.14476	0,0,0,1:0.28597,0.28972,0.14948,0.27482	0,0,1,0:0.32333,0.08585,0.46319,0.12763	0,0,1,1:0.0705,0.10103,0.60367,0.22479	0,0,2,0:0.22797,0.27386,0.01462,0.48355	0,0,2,1:0.19371,0.53291,0.02588,0.2475	0,0,3,0:0.23414,0.27243,0.29157,0.20187	0,0,3,1:0.04353,0.28637,0.43707,0.23303	0,1,0,0:0.30531,0.32324,0.16559,0.20586	0,1,0,1:0.53311,0.37416,0.04323,0.0495	0,1,1,0:0.58996,0.0817,0.07407,0.25426	0,1,1,1:0.4587,0.2446,0.07151,0.22518	0,1,2,0:0.48093,0.13311,0.25025,0.13571	0,1,2,1:0.11956,0.44887,0.18532,0.24625	0,1,3,0:0.12276,0.20462,0.35169,0.32094	0,1,3,1:0.3052,0.0609,0.42243,0.21147	1,0,0,0:0.19329,0.10215,0.23601,0.46854	1,0,0,1:0.3231,0.32448,0.04371,0.30871	1,0,1,0:0.15031,0.05667,0.3459,0.44712	1,0,1,1:0.1042,0.29791,0.45389,0.144	1,0,2,0:0.44685,0.19255,0.10323,0.25737	1,0,2,1:0.05034,0.03292,0.27719,0.63954	1,0,3,0:0.06035,0.12508,0.5013,0.31326	1,0,3,1:0.56958,0.18954,0.20504,0.03585	1,1,0,0:0.38708,0.17991,0.08875,0.34426	1,1,0,1:0.17251,0.04116,0.1794,0.60692	1,1,1,0:0.317,0.33016,0.11997,0.23287	1,1,1,1:0.22369,0.47778,0.2074,0.09114	1,1,2,0:0.32562,0.35734,0.00948,0.30757	1,1,2,1:0.21623,0.35039,0.10113,0.33225	1,1,3,0:0.17816,0.16211,0.34204,0.31769	1,1,3,1:0.24093,0.34866,0.3248,0.08562	2,0,0,0:0.09485,0.3487,0.25599,0.30046	2,0,0,1:0.20118,0.09417,0.36949,0.33516	2,0,1,0:0.37548,0.19051,0.10089,0.33312	2,0,1,1:0.1488,0.40992,0.33595,0.10533	2,0,2,0:0.35989,0.29332,0.32744,0.01935	2,0,2,1:0.34165,0.42208,0.04074,0.19552	2,0,3,0:0.28181,0.27636,0.31569,0.12613	2,0,3,1:0.35935,0.08889,0.28344,0.26832	2,1,0,0:0.22913,0.27616,0.26271,0.23201	2,1,0,1:0.29551,0.10309,0.42918,0.17223	2,1,1,0:0.19211,0.31145,0.21322,0.28322	2,1,1,1:0.22942,0.09045,0.34528,0.33485	2,1,2,0:0.34611,0.58381,0.06471,0.00537	2,1,2,1:0.63145,0.18366,0.15546,0.02943	2,1,3,0:0.25105,0.13425,0.34254,0.27217	2,1,3,1:0.29549,0.33929,0.10478,0.26045
3	2	12	26	0,0:0.55921,0.41884,0.02195	0,1:0.50838,0.30133,0.19029	0,2:0.32529,0.20302,0.4717	1,0:0.07729,0.49619,0.42652	1,1:0.11012,0.13055,0.75932	1,2:0.4168,0.123,0.46019	2,0:0.6106,0.35835,0.03105	2,1:0.30258,0.35865,0.33877	2,2:0.27011,0.54446,0.18543	3,0:0.21594,0.32809,0.45597	3,1:0.07468,0.23237,0.69295	3,2:0.30383,0.51533,0.18084
2	2	17	35	0,0:0.39302,0.60698	0,1:0.61545,0.38455	0,2:0.18861,0.81139	0,3:0.7064,0.2936	1,0:0.95072,0.04928	1,1:0.4579,0.5421	1,2:0.37724,0.62276	1,3:0.72262,0.27738
2	2	9	36	0,0:0.28836,0.71164	0,1:0.48,0.52	0,2:0.84957,0.15043	1,0:0.51718,0.48282	1,1:0.82716,0.17284	1,2:0.29912,0.70088	2,0:0.68694,0.31306	2,1:0.59872,0.40128	2,2:0.9497,0.0503
3	2	10	12	0,0:0.19236,0.61048,0.19715	0,1:0.21255,0.60849,0.17896	0,2:0.06381,0.42007,0.51612	0,3:0.04996,0.43654,0.5135	1,0:0.23792,0.41343,0.34865	1,1:0.36453,0.29407,0.3414	1,2:0.3193,0.5672,0.1135	1,3:0.29463,0.19948,0.50589
4	1	19	0:0.42688,0.34007,0.09419,0.13886	1:0.49891,0.35058,0.02247,0.12803
2	1	0	0:0.46476,0.53524	1:0.45,0.55
2	4	0	12	15	25	0,0,0,0:0.2669,0.7331	0,0,0,1:0.61674,0.38326	0,0,1,0:0.14887,0.85113	0,0,1,1:0.17328,0.82672	0,0,2,0:0.22194,0.77806	0,0,2,1:0.33418,0.66582	0,1,0,0:0.83148,0.16852	0,1,0,1:0.4444,0.5556	0,1,1,0:0.23438,0.76562	0,1,1,1:0.34634,0.65366	0,1,2,0:0.47479,0.52521	0,1,2,1:0.09458,0.90542	0,2,0,0:0.28455,0.71545	0,2,0,1:0.27809,0.72191	0,2,1,0:0.03966,0.96034	0,2,1,1:0.81921,0.18079	0,2,2,0:0.4452,0.5548	0,2,2,1:0.76577,0.23423	0,3,0,0:0.39317,0.60683	0,3,0,1:0.65107,0.34893	0,3,1,0:0.98631,0.01369	0,3,1,1:0.28297,0.71703	0,3,2,0:0.82705,0.17295	0,3,2,1:0.56923,0.43077	1,0,0,0:0.51017,0.48983	1,0,0,1:0.2669,0.7331	1,0,1,0:0.39475,0.60525	1,0,1,1:0.03991,0.96009	1,0,2,0:0.83505,0.16495	1,0,2,1:0.40622,0.59378	1,1,0,0:0.5925,0.4075	1,1,0,1:0.5858,0.4142	1,1,1,0:0.45851,0.54149	1,1,1,1:0.81957,0.18043	1,1,2,0:0.34752,0.65248	1,1,2,1:0.06297,0.93703	1,2,0,0:0.33001,0.66999	1,2,0,1:0.43132,0.56868	1,2,1,0:0.59991,0.40009	1,2,1,1:0.53662,0.46338	1,2,2,0:0.37045,0.62955	1,2,2,1:0.27473,0.72527	1,3,0,0:0.40008,0.59992	1,3,0,1:0.49587,0.50413	1,3,1,0:0.68853,0.31147	1,3,1,1:0.69377,0.30623	1,3,2,0:0.47984,0.52016	1,3,2,1:0.58217,0.41783
2	4	9	21	26	31	0,0,0,0:0.72442,0.27558	0,0,0,1:0.57803,0.42197	0,0,1,0:0.24244,0.75756	0,0,1,1:0.72802,0.27198	0,0,2,0:0.2839,0.7161	0,0,2,1:0.20613,0.79387	0,1,0,0:0.77871,0.22129	0,1,0,1:0.22758,0.77242	0,1,1,0:0.93639,0.06361	0,1,1,1:0.15818,0.84182	0,1,2,0:0.21556,0.78444	0,1,2,1:0.84392,0.15608	0,2,0,0:0.72939,0.27061	0,2,0,1:0.92171,0.07829	0,2,1,0:0.50246,0.49754	0,2,1,1:0.41219,0.58781	0,2,2,0:0.72789,0.27211	0,2,2,1:0.40446,0.59554	0,3,0,0:0.64862,0.35138	0,3,0,1:0.66392,0.33608	0,3,1,0:0.72068,0.27932	0,3,1,1:0.39814,0.60186	0,3,2,0:0.27316,0.72684	0,3,2,1:0.41221,0.58779	1,0,0,0:0.49621,0.50379	1,0,0,1:0.35966,0.64034	1,0,1,0:0.50779,0.49221	1,0,1,1:0.60701,0.39299	1,0,2,0:0.46863,0.53137	1,0,2,1:0.14381,0.85619	1,1,0,0:0.92951,0.07049	1,1,0,1:0.61861,0.38139	1,1,1,0:0.44764,0.55236	1,1,1,1:0.29924,0.70076	1,1,2,0:0.53008,0.46992	1,1,2,1:0.51731,0.48269	1,2,0,0:0.50245,0.49755	1,2,0,1:0.44585,0.55415	1,2,1,0:0.64601,0.35399	1,2,1,1:0.15897,0.84103	1,2,2,0:0.60005,0.39995	1,2,2,1:0.60788,0.39212	1,3,0,0:0.027,0.973	1,3,0,1:0.98615,0.01385	1,3,1,0:0.21588,0.78412	1,3,1,1:0.43955,0.56045	1,3,2,0:0.84914,0.15086	1,3,2,1:0.29156,0.70844	2,0,0,0:0.52292,0.47708	2,0,0,1:0.44985,0.55015	2,0,1,0:0.83547,0.16453	2,0,1,1:0.42592,0.57408	2,0,2,0:0.79081,0.20919	2,0,2,1:0.25192,0.74808	2,1,0,0:0.11679,0.88321	2,1,0,1:0.66703,0.33297	2,1,1,0:0.81608,0.18392	2,1,1,1:0.35256,0.64744	2,1,2,0:0.86441,0.13559	2,1,2,1:0.82229,0.17771	2,2,0,0:0.96966,0.03034	2,2,0,1:0.66264,0.33736	2,2,1,0:0.11978,0.88022	2,2,1,1:0.32748,0.67252	2,2,2,0:0.71506,0.28494	2,2,2,1:0.89553,0.10447	2,3,0,0:0.96473,0.03527	2,3,0,1:0.52871,0.47129	2,3,1,0:0.80081,0.19919	2,3,1,1:0.30624,0.69376	2,3,2,0:0.48611,0.51389	2,3,2,1:0.43452,0.56548
2	2	37	41	0,0:0.78094,0.21906	0,1:0.1115,0.8885	1,0:0.78771,0.21229	1,1:0.69612,0.30388
2	3	4	26	33	0,0,0:0.48898,0.51102	0,0,1:0.48689,0.51311	0,0,2:0.34454,0.65546	0,1,0:0.6257,0.3743	0,1,1:0.63642,0.36358	0,1,2:0.67239,0.32761	0,2,0:0.78195,0.21805	0,2,1:0.71893,0.28107	0,2,2:0.53122,0.46878	1,0,0:0.45775,0.54225	1,0,1:0.39349,0.60651	1,0,2:0.53116,0.46884	1,1,0:0.77525,0.22475	1,1,1:0.24156,0.75844	1,1,2:0.76736,0.23264	1,2,0:0.59232,0.40768	1,2,1:0.93061,0.06939	1,2,2:0.25009,0.74991	2,0,0:0.61117,0.38883	2,0,1:0.38861,0.61139	2,0,2:0.54652,0.45348	2,1,0:0.26307,0.73693	2,1,1:0.51078,0.48922	2,1,2:0.58123,0.41877	2,2,0:0.75025,0.24975	2,2,1:0.84855,0.15145	2,2,2:0.41347,0.58653
3	1	24	0:0.57546,0.19387,0.23068	1:0.40304,0.29614,0.30082	2:0.44954,0.11206,0.43839	3:0.42632,0.15219,0.42149
2	2	6	33	0,0:0.4815,0.5185	0,1:0.52137,0.47863	0,2:0.55593,0.44407	1,0:0.95289,0.04711	1,1:0.43115,0.56885	1,2:0.45629,0.54371
2	4	15	16	20	30	0,0,0,0:0.63037,0.36963	0,0,0,1:0.62674,0.37326	0,0,0,2:0.32552,0.67448	0,0,1,0:0.68283,0.31717	0,0,1,1:0.9276,0.0724	0,0,1,2:0.636,0.364	0,1,0,0:0.44565,0.55435	0,1,0,1:0.20409,0.79591	0,1,0,2:0.45541,0.54459	0,1,1,0:0.47545,0.52455	0,1,1,1:0.042,0.958	0,1,1,2:0.50332,0.49668	1,0,0,0:0.56633,0.43367	1,0,0,1:0.64371,0.35629	1,0,0,2:0.86392,0.13608	1,0,1,0:0.00611,0.99389	1,0,1,1:0.19669,0.80331	1,0,1,2:0.38308,0.61692	1,1,0,0:0.77782,0.22218	1,1,0,1:0.29435,0.70565	1,1,0,2:0.07882,0.92118	1,1,1,0:0.6041,0.3959	1,1,1,1:0.38898,0.61102	1,1,1,2:0.50115,0.49885	2,0,0,0:0.72233,0.27767	2,0,0,1:0.96205,0.03795	2,0,0,2:0.6339,0.3661	2,0,1,0:0.59657,0.40343	2,0,1,1:0.39463,0.60537	2,0,1,2:0.5491,0.4509	2,1,0,0:0.45214,0.54786	2,1,0,1:0.4694,0.5306	2,1,0,2:0.26046,0.73954	2,1,1,0:0.59906,0.40094	2,1,1,1:0.05277,0.94723	2,1,1,2:0.20095,0.79905
2	3	12	35	36	0,0,0:0.29687,0.70313	0,0,1:0.52028,0.47972	0,0,2:0.67129,0.32871	0,1,0:0.36178,0.63822	0,1,1:0.60287,0.39713	0,1,2:0.83944,0.16056	0,2,0:0.15361,0.84639	0,2,1:0.99,0.01	0,2,2:0.64472,0.35528	0,3,0:0.42317,0.57683	0,3,1:0.60196,0.39804	0,3,2:0.18751,0.81249	1,0,0:0.71584,0.28416	1,0,1:0.38398,0.61602	1,0,2:0.67545,0.32455	1,1,0:0.38688,0.61312	1,1,1:0.4276,0.5724	1,1,2:0.24103,0.75897	1,2,0:0.82516,0.17484	1,2,1:0.49266,0.50734	1,2,2:0.53372,0.46628	1,3,0:0.56139,0.43861	1,3,1:0.07714,0.92286	1,3,2:0.49497,0.50503	2,0,0:0.86914,0.13086	2,0,1:0.45936,0.54064	2,0,2:0.71658,0.28342	2,1,0:0.45381,0.54619	2,1,1:0.86047,0.13953	2,1,2:0.68264,0.31736	2,2,0:0.52919,0.47081	2,2,1:0.76742,0.23258	2,2,2:0.16811,0.83189	2,3,0:0.99789,0.00211	2,3,1:0.26802,0.73198	2,3,2:0.45352,0.54648	3,0,0:0.73531,0.26469	3,0,1:0.36109,0.63891	3,0,2:0.92579,0.07421	3,1,0:0.40459,0.59541	3,1,1:0.57395,0.42605	3,1,2:0.21582,0.78418	3,2,0:0.39337,0.60663	3,2,1:0.34864,0.65136	3,2,2:0.55481,0.44519	3,3,0:0.6982,0.3018	3,3,1:0.23282,0.76718	3,3,2:0.30499,0.69501
2	0	0.9999,0.0001
2	0	0.7,0.3
2	0	0.7345,0.2655
3	4	49	50	51	52	0,0,0,0:0.96,0.03,0.01	0,0,0,1:0.85,0.13,0.02	0,0,1,0:0.32,0.56,0.12	0,0,1,1:0.29,0.61,0.1	0,1,0,0:0.28,0.38,0.34	0,1,0,1:0.25,0.33,0.42	0,1,1,0:0.16,0.43,0.41	0,1,1,1:0.08,0.16,0.76	1,0,0,0:0.41,0.44,0.15	1,0,0,1:0.27,0.32,0.41	1,0,1,0:0.07,0.45,0.48	1,0,1,1:0.12,0.3,0.58	1,1,0,0:0.14,0.34,0.52	1,1,0,1:0.07,0.31,0.62	1,1,1,0:0.07,0.21,0.72	1,1,1,1:0.01,0.06,0.93
2	1	53	0:0.9,0.1	1:0.77,0.23	2:0.16,0.84
2	1	53	0:0.63,0.37	1:0.55,0.45	2:0.34,0.66
2	1	53	0:0.97,0.03	1:0.39,0.61	2:0.92,0.08
2	1	53	0:0.59,0.41	1:0.16,0.84	2:0.02,0.98
2	1	53	0:0.72,0.28	1:0.45,0.55	2:0.28,0.72
49
0	0
1	1
2	0
3	0
4	1
5	0
6	1
7	0
8	1
9	1
10	1
11	1
12	1
13	1
14	1
15	2
16	0
17	1
18	2
19	0
20	1
21	2
23	2
24	2
25	1
26	0
27	1
28	0
29	0
30	1
31	1
32	0
33	2
34	0
35	0
36	1
37	0
38	1
39	1
40	1
41	0
42	0
44	0
45	0
46	0
50	0
54	0
55	1
57	1
53
