59
2	0	0.8046,0.1954
2	0	0.54437,0.45563
2	2	0	1	0,0:0.14888,0.85112	0,1:0.69241,0.30759	1,0:0.14568,0.85432	1,1:0.99342,0.00658
2	1	1	0:0.63796,0.36204	1:0.94645,0.05355
2	2	0	2	0,0:0.6808,0.3192	0,1:0.51332,0.48668	1,0:0.36451,0.63549	1,1:0.55279,0.44721
2	2	0	4	0,0:0.32655,0.67345	0,1:0.8898,0.1102	1,0:0.43543,0.56457	1,1:0.15914,0.84086
2	2	2	3	0,0:0.40479,0.59521	0,1:0.48134,0.51866	1,0:0.46232,0.53768	1,1:0.99988,0.00012
2	3	0	4	6	0,0,0:0.61137,0.38863	0,0,1:0.4162,0.5838	0,1,0:0.92683,0.07317	0,1,1:0.13463,0.86537	1,0,0:0.14642,0.85358	1,0,1:0.91196,0.08804	1,1,0:0.04563,0.95437	1,1,1:0.44965,0.55035
2	1	1	0:0.75712,0.24288	1:0.22914,0.77086
2	3	0	2	4	0,0,0:0.43434,0.56566	0,0,1:0.7057,0.2943	0,1,0:0.50182,0.49818	0,1,1:0.78437,0.21563	1,0,0:0.65501,0.34499	1,0,1:0.58144,0.41856	1,1,0:0.61699,0.38301	1,1,1:0.50504,0.49496
2	3	0	5	8	0,0,0:0.75235,0.24765	0,0,1:0.5619,0.4381	0,1,0:0.38645,0.61355	0,1,1:0.79726,0.20274	1,0,0:0.01886,0.98114	1,0,1:0.77974,0.22026	1,1,0:0.26475,0.73525	1,1,1:0.93184,0.06816
2	3	2	7	8	0,0,0:0.33568,0.66432	0,0,1:0.42522,0.57478	0,1,0:0.44614,0.55386	0,1,1:0.47652,0.52348	1,0,0:0.40677,0.59323	1,0,1:0.58555,0.41445	1,1,0:0.54255,0.45745	1,1,1:0.33876,0.66124
2	3	3	7	11	0,0,0:0.7348,0.2652	0,0,1:0.70886,0.29114	0,1,0:0.7515,0.2485	0,1,1:0.53893,0.46107	1,0,0:0.62175,0.37825	1,0,1:0.19001,0.80999	1,1,0:0.46623,0.53377	1,1,1:0.39535,0.60465
2	2	2	5	0,0:0.42154,0.57846	0,1:0.76343,0.23657	1,0:0.36077,0.63923	1,1:0.02167,0.97833
2	1	2	0:0.29442,0.70558	1:0.28319,0.71681
2	1	1	0:0.0671,0.9329	1:0.72827,0.27173
2	4	1	4	9	13	0,0,0,0:0.37514,0.62486	0,0,0,1:0.94244,0.05756	0,0,1,0:0.36122,0.63878	0,0,1,1:0.65882,0.34118	0,1,0,0:0.4803,0.5197	0,1,0,1:0.23753,0.76247	0,1,1,0:0.49074,0.50926	0,1,1,1:0.56974,0.43026	1,0,0,0:0.72622,0.27378	1,0,0,1:0.26422,0.73578	1,0,1,0:0.20215,0.79785	1,0,1,1:0.3719,0.6281	1,1,0,0:0.35153,0.64847	1,1,0,1:0.57176,0.42824	1,1,1,0:0.70075,0.29925	1,1,1,1:0.26217,0.73783
2	1	12	0:0.61304,0.38696	1:0.52382,0.47618
2	3	12	14	17	0,0,0:0.86558,0.13442	0,0,1:0.45608,0.54392	0,1,0:0.37215,0.62785	0,1,1:0.53117,0.46883	1,0,0:0.16245,0.83755	1,0,1:0.81171,0.18829	1,1,0:0.66576,0.33424	1,1,1:0.95035,0.04965
2	3	2	7	16	0,0,0:0.70831,0.29169	0,0,1:0.05066,0.94934	0,1,0:0.57781,0.42219	0,1,1:0.97632,0.02368	1,0,0:0.51845,0.48155	1,0,1:0.55952,0.44048	1,1,0:0.4304,0.5696	1,1,1:0.46538,0.53462
2	3	0	14	17	0,0,0:0.8747,0.1253	0,0,1:0.96933,0.03067	0,1,0:0.40665,0.59335	0,1,1:0.10114,0.89886	1,0,0:0.9588,0.0412	1,0,1:0.61468,0.38532	1,1,0:0.49733,0.50267	1,1,1:0.17988,0.82012
3	4	3	4	10	12	0,0,0,0:0.3785,0.08356,0.53794	0,0,0,1:0.27681,0.5378,0.18539	0,0,1,0:0.17006,0.36939,0.46055	0,0,1,1:0.47253,0.25979,0.26768	0,1,0,0:0.61005,0.12803,0.26192	0,1,0,1:0.22303,0.32955,0.44743	0,1,1,0:0.07008,0.49132,0.4386	0,1,1,1:0.30936,0.49914,0.1915	1,0,0,0:0.38313,0.19642,0.42046	1,0,0,1:0.5736,0.24835,0.17805	1,0,1,0:0.41767,0.07768,0.50466	1,0,1,1:0.20862,0.46718,0.3242	1,1,0,0:0.48348,0.21526,0.30125	1,1,0,1:0.40094,0.22741,0.37164	1,1,1,0:0.34394,0.31888,0.33718	1,1,1,1:0.09903,0.43651,0.46446
4	2	5	10	0,0:0.41637,0.15381,0.03409,0.39573	0,1:0.19721,0.32376,0.30804,0.17099	1,0:0.10839,0.30701,0.41855,0.16604	1,1:0.09409,0.31212,0.57508,0.01871
4	1	0	0:0.30288,0.23654,0.16938,0.2912	1:0.00112,0.17019,0.43457,0.39412
2	4	3	4	6	18	0,0,0,0:0.59968,0.40032	0,0,0,1:0.14882,0.85118	0,0,1,0:0.11755,0.88245	0,0,1,1:0.81776,0.18224	0,1,0,0:0.22315,0.77685	0,1,0,1:0.39763,0.60237	0,1,1,0:0.32447,0.67553	0,1,1,1:0.32898,0.67102	1,0,0,0:0.38983,0.61017	1,0,0,1:0.28336,0.71664	1,0,1,0:0.6417,0.3583	1,0,1,1:0.56191,0.43809	1,1,0,0:0.62206,0.37794	1,1,0,1:0.35746,0.64254	1,1,1,0:0.50148,0.49852	1,1,1,1:0.25671,0.74329
2	3	0	10	20	0,0,0:0.39479,0.60521	0,0,1:0.93386,0.06614	0,1,0:0.21456,0.78544	0,1,1:0.6611,0.3389	1,0,0:0.59356,0.40644	1,0,1:0.17645,0.82355	1,1,0:0.27127,0.72873	1,1,1:0.63553,0.36447
2	3	12	19	23	0,0,0:0.57418,0.42582	0,0,1:0.84992,0.15008	0,0,2:0.62749,0.37251	0,0,3:0.58732,0.41268	0,1,0:0.08171,0.91829	0,1,1:0.43908,0.56092	0,1,2:0.42945,0.57055	0,1,3:0.73651,0.26349	1,0,0:0.8255,0.1745	1,0,1:0.39085,0.60915	1,0,2:0.67478,0.32522	1,0,3:0.47307,0.52693	1,1,0:0.50029,0.49971	1,1,1:0.45917,0.54083	1,1,2:0.52544,0.47456	1,1,3:0.54104,0.45896
3	2	6	14	0,0:0.58074,0.34834,0.07093	0,1:0.39752,0.23791,0.36457	1,0:0.38434,0.31975,0.29592	1,1:0.51337,0.11569,0.37094
2	2	5	10	0,0:0.7059,0.2941	0,1:0.43358,0.56642	1,0:0.63697,0.36303	1,1:0.93281,0.06719
2	2	7	8	0,0:0.15752,0.84248	0,1:0.36034,0.63966	1,0:0.59066,0.40934	1,1:0.80823,0.19177
4	3	1	11	22	0,0,0:0.13425,0.10272,0.50266,0.26037	0,0,1:0.3084,0.14688,0.26422,0.2805	0,0,2:0.12264,0.06301,0.39696,0.4174	0,0,3:0.31029,0.27171,0.05994,0.35806	0,1,0:0.38967,0.02252,0.25114,0.33666	0,1,1:0.35107,0.30851,0.24544,0.09498	0,1,2:0.04405,0.23457,0.35683,0.36454	0,1,3:0.20508,0.04017,0.15013,0.60461	1,0,0:0.31387,0.16094,0.27428,0.25092	1,0,1:0.05022,0.02119,0.48006,0.44853	1,0,2:0.19315,0.3287,0.20764,0.27051	1,0,3:0.25044,0.24603,0.2919,0.21162	1,1,0:0.19955,0.12449,0.05041,0.62555	1,1,1:0.14055,0.24657,0.31435,0.29853	1,1,2:0.05853,0.47181,0.07043,0.39922	1,1,3:0.05911,0.3929,0.43502,0.11298
4	4	0	20	21	27	0,0,0,0:0.24016,0.25015,0.49529,0.01441	0,0,0,1:0.46289,0.0422,0.41405,0.08086	0,0,0,2:0.43217,0.13506,0.14736,0.28541	0,0,1,0:0.16708,0.32617,0.31374,0.19301	0,0,1,1:0.01182,0.16002,0.29243,0.53573	0,0,1,2:0.04046,0.42984,0.46306,0.06664	0,0,2,0:0.22729,0.43038,0.0364,0.30594	0,0,2,1:0.43872,0.00958,0.15594,0.39576	0,0,2,2:0.23353,0.21256,0.15613,0.39778	0,1,0,0:0.02264,0.2116,0.02213,0.74363	0,1,0,1:0.0812,0.03659,0.43827,0.44394	0,1,0,2:0.3462,0.29215,0.21138,0.15027	0,1,1,0:0.26509,0.37515,0.14965,0.21012	0,1,1,1:0.28142,0.35412,0.26392,0.10054	0,1,1,2:0.038,0.20402,0.21408,0.5439	0,1,2,0:0.02977,0.68699,0.01922,0.26402	0,1,2,1:0.35274,0.30993,0.27045,0.06689	0,1,2,2:0.16299,0.25131,0.54075,0.04494	1,0,0,0:0.37908,0.35537,0.2625,0.00305	1,0,0,1:0.28077,0.13809,0.10504,0.47611	1,0,0,2:0.4527,0.0056,0.1551,0.3866	1,0,1,0:0.34778,0.19422,0.25996,0.19804	1,0,1,1:0.2355,0.2642,0.29123,0.20907	1,0,1,2:0.33456,0.31271,0.29627,0.05646	1,0,2,0:0.38633,0.16205,0.22288,0.22874	1,0,2,1:0.21405,0.31367,0.21103,0.26125	1,0,2,2:0.31152,0.17327,0.31796,0.19724	1,1,0,0:0.30741,0.30462,0.24583,0.14214	1,1,0,1:0.01686,0.80922,0.16584,0.00807	1,1,0,2:0.34474,0.0247,0.4185,0.21207	1,1,1,0:0.44709,0.02424,0.15897,0.3697	1,1,1,1:0.11062,0.42715,0.25604,0.20619	1,1,1,2:0.06946,0.20895,0.57689,0.1447	1,1,2,0:0.30397,0.24647,0.10706,0.3425	1,1,2,1:0.16818,0.06634,0.53708,0.2284	1,1,2,2:0.27158,0.26253,0.11593,0.34996
3	4	3	12	13	14	0,0,0,0:0.3776,0.32521,0.29719	0,0,0,1:0.70277,0.15356,0.14367	0,0,1,0:0.35198,0.46245,0.18557	0,0,1,1:0.47769,0.09736,0.42495	0,1,0,0:0.35748,0.14625,0.49626	0,1,0,1:0.03972,0.3002,0.66009	0,1,1,0:0.39059,0.4214,0.18801	0,1,1,1:0.28534,0.31921,0.39545	1,0,0,0:0.38869,0.53126,0.08005	1,0,0,1:0.13208,0.26384,0.60408	1,0,1,0:0.54254,0.08383,0.37363	1,0,1,1:0.20283,0.71489,0.08228	1,1,0,0:0.37831,0.22941,0.39228	1,1,0,1:0.23284,0.39663,0.37053	1,1,1,0:0.57912,0.40085,0.02003	1,1,1,1:0.24029,0.20225,0.55745
2	2	6	32	0,0:0.16985,0.83015	0,1:0.16914,0.83086	0,2:0.447,0.553	1,0:0.34102,0.65898	1,1:0.52919,0.47081	1,2:0.68805,0.31195
4	1	33	0:0.2037,0.23858,0.24259,0.31513	1:0.41998,0.41306,0.13109,0.03587
3	3	2	9	14	0,0,0:0.02391,0.76318,0.21291	0,0,1:0.12535,0.51648,0.35817	0,1,0:0.54481,0.13483,0.32036	0,1,1:0.33641,0.17189,0.4917	1,0,0:0.32932,0.23109,0.43959	1,0,1:0.09622,0.47539,0.42839	1,1,0:0.68482,0.07164,0.24354	1,1,1:0.47423,0.39608,0.12969
2	2	20	31	0,0:0.53411,0.46589	0,1:0.63019,0.36981	0,2:0.49044,0.50956	0,3:0.42016,0.57984	1,0:0.74407,0.25593	1,1:0.4022,0.5978	1,2:0.80214,0.19786	1,3:0.94899,0.05101
4	3	11	19	33	0,0,0:0.23631,0.19923,0.2735,0.29097	0,0,1:0.32146,0.369,0.17019,0.13936	0,1,0:0.45635,0.35006,0.17429,0.01931	0,1,1:0.61517,0.32217,0.05804,0.00462	1,0,0:0.34829,0.29556,0.14675,0.2094	1,0,1:0.22689,0.06155,0.42415,0.28741	1,1,0:0.24456,0.47551,0.18122,0.0987	1,1,1:0.34301,0.25348,0.17372,0.22979
2	2	9	23	0,0:0.23687,0.76313	0,1:0.56234,0.43766	0,2:0.65895,0.34105	0,3:0.53641,0.46359	1,0:0.43129,0.56871	1,1:0.43979,0.56021	1,2:0.41347,0.58653	1,3:0.27461,0.72539
2	3	5	32	33	0,0,0:0.21038,0.78962	0,0,1:0.93525,0.06475	0,1,0:0.56888,0.43112	0,1,1:0.45438,0.54562	0,2,0:0.12975,0.87025	0,2,1:0.54765,0.45235	1,0,0:0.7394,0.2606	1,0,1:0.49775,0.50225	1,1,0:0.18755,0.81245	1,1,1:0.94359,0.05641	1,2,0:0.20054,0.79946	1,2,1:0.36476,0.63524
2	1	29	0:0.36043,0.63957	1:0.87599,0.12401
3	2	14	28	0,0:0.73852,0.11826,0.14321	0,1:0.40096,0.33843,0.26061	1,0:0.22989,0.04483,0.72528	1,1:0.47091,0.12183,0.40727
2	2	5	26	0,0:0.35587,0.64413	0,1:0.34432,0.65568	1,0:0.31136,0.68864	1,1:0.86352,0.13648
3	1	11	0:0.25309,0.14789,0.59902	1:0.38335,0.51115,0.10551
2	3	25	38	42	0,0,0:0.53092,0.46908	0,0,1:0.30822,0.69178	0,1,0:0.18594,0.81406	0,1,1:0.73326,0.26674	1,0,0:0.10405,0.89595	1,0,1:0.29242,0.70758	1,1,0:0.38528,0.61472	1,1,1:0.10911,0.89089
2	3	34	37	38	0,0,0:0.30307,0.69693	0,0,1:0.43831,0.56169	0,1,0:0.65242,0.34758	0,1,1:0.6807,0.3193	0,2,0:0.63707,0.36293	0,2,1:0.78642,0.21358	0,3,0:0.37206,0.62794	0,3,1:0.17528,0.82472	1,0,0:0.16758,0.83242	1,0,1:0.49296,0.50704	1,1,0:0.47363,0.52637	1,1,1:0.11776,0.88224	1,2,0:0.33523,0.66477	1,2,1:0.45014,0.54986	1,3,0:0.80262,0.19738	1,3,1:0.21583,0.78417	2,0,0:0.60001,0.39999	2,0,1:0.51382,0.48618	2,1,0:0.71746,0.28254	2,1,1:0.42544,0.57456	2,2,0:0.77915,0.22085	2,2,1:0.51461,0.48539	2,3,0:0.53193,0.46807	2,3,1:0.40291,0.59709	3,0,0:0.45808,0.54192	3,0,1:0.4842,0.5158	3,1,0:0.54671,0.45329	3,1,1:0.46238,0.53762	3,2,0:0.43299,0.56701	3,2,1:0.57937,0.42063	3,3,0:0.93146,0.06854	3,3,1:0.56145,0.43855
2	4	2	20	27	33	0,0,0,0:0.33182,0.66818	0,0,0,1:0.36852,0.63148	0,0,1,0:0.52307,0.47693	0,0,1,1:0.83005,0.16995	0,0,2,0:0.52298,0.47702	0,0,2,1:0.14548,0.85452	0,1,0,0:0.84553,0.15447	0,1,0,1:0.95064,0.04936	0,1,1,0:0.58649,0.41351	0,1,1,1:0.95772,0.04228	0,1,2,0:0.60177,0.39823	0,1,2,1:0.67143,0.32857	1,0,0,0:0.47028,0.52972	1,0,0,1:0.68639,0.31361	1,0,1,0:0.27714,0.72286	1,0,1,1:0.49923,0.50077	1,0,2,0:0.5808,0.4192	1,0,2,1:0.32539,0.67461	1,1,0,0:0.47884,0.52116	1,1,0,1:0.53191,0.46809	1,1,1,0:0.20371,0.79629	1,1,1,1:0.72667,0.27333	1,1,2,0:0.70897,0.29103	1,1,2,1:0.99498,0.00502
2	1	7	0:0.19306,0.80694	1:0.09045,0.90955
2	1	1	0:0.45425,0.54575	1:0.99977,0.00023
2	3	18	32	33	0,0,0:0.24137,0.75863	0,0,1:0.35794,0.64206	0,1,0:0.14235,0.85765	0,1,1:0.04469,0.95531	0,2,0:0.48218,0.51782	0,2,1:0.76151,0.23849	1,0,0:0.14894,0.85106	1,0,1:0.77669,0.22331	1,1,0:0.87983,0.12017	1,1,1:0.53243,0.46757	1,2,0:0.55129,0.44871	1,2,1:0.34876,0.65124
2	0	0.9999,0.0001
2	0	0.7,0.3
2	0	0.7345,0.2655
3	4	49	50	51	52	0,0,0,0:0.96,0.03,0.01	0,0,0,1:0.85,0.13,0.02	0,0,1,0:0.32,0.56,0.12	0,0,1,1:0.29,0.61,0.1	0,1,0,0:0.28,0.38,0.34	0,1,0,1:0.25,0.33,0.42	0,1,1,0:0.16,0.43,0.41	0,1,1,1:0.08,0.16,0.76	1,0,0,0:0.41,0.44,0.15	1,0,0,1:0.27,0.32,0.41	1,0,1,0:0.07,0.45,0.48	1,0,1,1:0.12,0.3,0.58	1,1,0,0:0.14,0.34,0.52	1,1,0,1:0.07,0.31,0.62	1,1,1,0:0.07,0.21,0.72	1,1,1,1:0.01,0.06,0.93
2	1	53	0:0.9,0.1	1:0.77,0.23	2:0.16,0.84
2	1	53	0:0.63,0.37	1:0.55,0.45	2:0.34,0.66
2	1	53	0:0.97,0.03	1:0.39,0.61	2:0.92,0.08
2	1	53	0:0.59,0.41	1:0.16,0.84	2:0.02,0.98
2	1	53	0:0.72,0.28	1:0.45,0.55	2:0.28,0.72
49
0	0
1	0
3	0
4	0
5	0
6	0
7	0
8	0
9	0
10	1
11	0
12	0
13	1
14	1
15	1
16	0
17	1
18	0
19	0
20	1
22	1
23	2
24	0
25	0
26	1
27	2
28	1
29	1
30	2
31	3
32	2
33	0
34	3
35	0
36	0
37	3
38	0
39	1
40	1
41	0
42	0
43	2
44	0
45	0
46	0
50	0
54	0
55	1
57	0
49
