19
2	0	0.45825,0.54175
3	0	0.05487,0.30746,0.63767
2	2	0	1	0,0:0.89737,0.10263	0,1:0.95177,0.04823	0,2:0.80367,0.19633	1,0:0.36991,0.63009	1,1:0.39661,0.60339	1,2:0.3289,0.6711
2	1	1	0:0.8794,0.1206	1:0.42825,0.57175	2:0.73255,0.26745
2	1	3	0:0.61141,0.38859	1:0.35059,0.64941
2	1	4	0:0.41956,0.58044	1:0.91312,0.08688
3	2	0	5	0,0:0.41037,0.26815,0.32148	0,1:0.6296,0.16124,0.20916	1,0:0.40348,0.14737,0.44915	1,1:0.14519,0.47356,0.38125
2	1	6	0:0.45072,0.54928	1:0.9814,0.0186	2:0.51785,0.48215
2	4	0	3	5	7	0,0,0,0:0.71688,0.28312	0,0,0,1:0.98918,0.01082	0,0,1,0:0.49225,0.50775	0,0,1,1:0.63922,0.36078	0,1,0,0:0.51112,0.48888	0,1,0,1:0.85175,0.14825	0,1,1,0:0.58313,0.41687	0,1,1,1:0.61737,0.38263	1,0,0,0:0.57858,0.42142	1,0,0,1:0.50078,0.49922	1,0,1,0:0.11261,0.88739	1,0,1,1:0.58128,0.41872	1,1,0,0:0.62223,0.37777	1,1,0,1:0.74734,0.25266	1,1,1,0:0.86174,0.13826	1,1,1,1:0.22931,0.77069
2	1	1	0:0.50456,0.49544	1:0.64323,0.35677	2:0.67629,0.32371
2	0	0.9999,0.0001
2	0	0.7,0.3
2	0	0.7345,0.2655
3	4	9	10	11	12	0,0,0,0:0.96,0.03,0.01	0,0,0,1:0.85,0.13,0.02	0,0,1,0:0.32,0.56,0.12	0,0,1,1:0.29,0.61,0.1	0,1,0,0:0.28,0.38,0.34	0,1,0,1:0.25,0.33,0.42	0,1,1,0:0.16,0.43,0.41	0,1,1,1:0.08,0.16,0.76	1,0,0,0:0.41,0.44,0.15	1,0,0,1:0.27,0.32,0.41	1,0,1,0:0.07,0.45,0.48	1,0,1,1:0.12,0.3,0.58	1,1,0,0:0.14,0.34,0.52	1,1,0,1:0.07,0.31,0.62	1,1,1,0:0.07,0.21,0.72	1,1,1,1:0.01,0.06,0.93
2	1	13	0:0.9,0.1	1:0.77,0.23	2:0.16,0.84
2	1	13	0:0.63,0.37	1:0.55,0.45	2:0.34,0.66
2	1	13	0:0.97,0.03	1:0.39,0.61	2:0.92,0.08
2	1	13	0:0.59,0.41	1:0.16,0.84	2:0.02,0.98
2	1	13	0:0.72,0.28	1:0.45,0.55	2:0.28,0.72
11
0	1
1	1
2	0
3	0
4	1
5	0
6	2
11	0
14	0
15	0
18	0
9
