59
3	0	0.27424,0.41587,0.30989
2	0	0.18448,0.81552
2	2	0	1	0,0:0.59795,0.40205	0,1:0.42203,0.57797	1,0:0.91563,0.08437	1,1:0.65199,0.34801	2,0:0.44721,0.55279	2,1:0.85293,0.14707
2	2	0	1	0,0:0.34179,0.65821	0,1:0.49591,0.50409	1,0:0.40901,0.59099	1,1:0.48912,0.51088	2,0:0.39695,0.60305	2,1:0.0988,0.9012
2	3	1	2	3	0,0,0:0.53077,0.46923	0,0,1:0.86226,0.13774	0,1,0:0.92546,0.07454	0,1,1:0.70018,0.29982	1,0,0:0.41918,0.58082	1,0,1:0.42731,0.57269	1,1,0:0.05633,0.94367	1,1,1:0.74911,0.25089
2	3	1	2	4	0,0,0:0.55365,0.44635	0,0,1:0.53548,0.46452	0,1,0:0.26952,0.73048	0,1,1:0.74943,0.25057	1,0,0:0.69469,0.30531	1,0,1:0.47386,0.52614	1,1,0:0.93091,0.06909	1,1,1:0.70243,0.29757
2	1	5	0:0.6119,0.3881	1:0.44446,0.55554
2	1	3	0:0.27605,0.72395	1:0.62632,0.37368
2	1	1	0:0.73389,0.26611	1:0.559,0.441
2	2	5	7	0,0:0.84621,0.15379	0,1:0.55947,0.44053	1,0:0.23015,0.76985	1,1:0.70384,0.29616
2	2	5	8	0,0:0.90455,0.09545	0,1:0.23971,0.76029	1,0:0.64528,0.35472	1,1:0.88138,0.11862
3	3	0	4	7	0,0,0:0.44442,0.40857,0.14701	0,0,1:0.12323,0.76466,0.11211	0,1,0:0.2318,0.41707,0.35113	0,1,1:0.16457,0.33987,0.49556	1,0,0:0.16461,0.10979,0.72559	1,0,1:0.38945,0.25483,0.35572	1,1,0:0.11392,0.68261,0.20347	1,1,1:0.63763,0.0499,0.31247	2,0,0:0.51032,0.3408,0.14888	2,0,1:0.31281,0.41453,0.27266	2,1,0:0.37132,0.2094,0.41927	2,1,1:0.32819,0.40789,0.26392
3	3	5	8	11	0,0,0:0.44465,0.51887,0.03648	0,0,1:0.36207,0.36224,0.27569	0,0,2:0.37574,0.38948,0.23478	0,1,0:0.55041,0.15656,0.29302	0,1,1:0.17334,0.33456,0.4921	0,1,2:0.38927,0.071,0.53972	1,0,0:0.35673,0.46371,0.17955	1,0,1:0.50993,0.32375,0.16632	1,0,2:0.02956,0.46911,0.50133	1,1,0:0.49846,0.2749,0.22664	1,1,1:0.1736,0.34256,0.48384	1,1,2:0.2518,0.38575,0.36245
3	3	4	7	8	0,0,0:0.46966,0.3556,0.17474	0,0,1:0.52847,0.27375,0.19778	0,1,0:0.87305,0.09778,0.02918	0,1,1:0.27827,0.35497,0.36676	1,0,0:0.25087,0.5507,0.19843	1,0,1:0.27304,0.01889,0.70807	1,1,0:0.13871,0.51633,0.34497	1,1,1:0.42659,0.16876,0.40465
2	3	5	8	9	0,0,0:0.88117,0.11883	0,0,1:0.37109,0.62891	0,1,0:0.71425,0.28575	0,1,1:0.35334,0.64666	1,0,0:0.50612,0.49388	1,0,1:0.55892,0.44108	1,1,0:0.41356,0.58644	1,1,1:0.95074,0.04926
2	1	8	0:0.05055,0.94945	1:0.64368,0.35632
3	2	2	10	0,0:0.53848,0.31848,0.14305	0,1:0.14284,0.32316,0.534	1,0:0.31556,0.42205,0.26238	1,1:0.631,0.3648,0.00419
2	1	1	0:0.17606,0.82394	1:0.27247,0.72753
2	2	5	13	0,0:0.62218,0.37782	0,1:0.33691,0.66309	0,2:0.63437,0.36563	1,0:0.36524,0.63476	1,1:0.69367,0.30633	1,2:0.85535,0.14465
2	3	2	5	15	0,0,0:0.48185,0.51815	0,0,1:0.96768,0.03232	0,1,0:0.98753,0.01247	0,1,1:0.06289,0.93711	1,0,0:0.45323,0.54677	1,0,1:0.53239,0.46761	1,1,0:0.75862,0.24138	1,1,1:0.21391,0.78609
3	2	13	16	0,0:0.37098,0.02732,0.60169	0,1:0.28708,0.46545,0.24747	0,2:0.31469,0.14419,0.54112	1,0:0.45078,0.10626,0.44297	1,1:0.16691,0.44177,0.39132	1,2:0.1552,0.44781,0.39699	2,0:0.04717,0.4468,0.50603	2,1:0.24982,0.54795,0.20223	2,2:0.03322,0.46836,0.49842
2	3	10	11	14	0,0,0:0.56558,0.43442	0,0,1:0.27287,0.72713	0,1,0:0.28377,0.71623	0,1,1:0.11535,0.88465	0,2,0:0.47942,0.52058	0,2,1:0.57855,0.42145	1,0,0:0.55431,0.44569	1,0,1:0.18988,0.81012	1,1,0:0.15378,0.84622	1,1,1:0.22782,0.77218	1,2,0:0.53556,0.46444	1,2,1:0.39048,0.60952
3	3	4	14	16	0,0,0:0.47116,0.45549,0.07335	0,0,1:0.27129,0.20827,0.52045	0,0,2:0.53351,0.43926,0.02723	0,1,0:0.13285,0.46057,0.40658	0,1,1:0.51037,0.22736,0.26227	0,1,2:0.31496,0.22586,0.45918	1,0,0:0.16576,0.51627,0.31797	1,0,1:0.22572,0.45256,0.32173	1,0,2:0.13985,0.40927,0.45089	1,1,0:0.45123,0.20757,0.3412	1,1,1:0.1916,0.22299,0.58541	1,1,2:0.24645,0.39981,0.35374
2	4	4	8	15	18	0,0,0,0:0.65613,0.34387	0,0,0,1:0.48316,0.51684	0,0,1,0:0.03885,0.96115	0,0,1,1:0.39955,0.60045	0,1,0,0:0.17109,0.82891	0,1,0,1:0.42787,0.57213	0,1,1,0:0.18045,0.81955	0,1,1,1:0.5041,0.4959	1,0,0,0:0.55269,0.44731	1,0,0,1:0.50699,0.49301	1,0,1,0:0.23529,0.76471	1,0,1,1:0.29251,0.70749	1,1,0,0:0.59094,0.40906	1,1,0,1:0.04723,0.95277	1,1,1,0:0.30984,0.69016	1,1,1,1:0.49857,0.50143
2	2	8	23	0,0:0.3246,0.6754	0,1:0.86547,0.13453	1,0:0.69853,0.30147	1,1:0.65355,0.34645
3	3	6	14	18	0,0,0:0.83417,0.16093,0.0049	0,0,1:0.0589,0.32813,0.61297	0,1,0:0.12905,0.47655,0.3944	0,1,1:0.19506,0.54085,0.26409	1,0,0:0.56507,0.18409,0.25083	1,0,1:0.08624,0.24275,0.671	1,1,0:0.18472,0.102,0.71328	1,1,1:0.33188,0.16527,0.50285
2	3	10	20	24	0,0,0:0.59554,0.40446	0,0,1:0.04173,0.95827	0,1,0:0.12565,0.87435	0,1,1:0.2579,0.7421	0,2,0:0.98924,0.01076	0,2,1:0.22714,0.77286	1,0,0:0.34201,0.65799	1,0,1:0.33295,0.66705	1,1,0:0.11871,0.88129	1,1,1:0.34202,0.65798	1,2,0:0.78297,0.21703	1,2,1:0.61507,0.38493
3	1	14	0:0.04868,0.48457,0.46675	1:0.61995,0.23529,0.14476
2	2	4	18	0,0:0.09881,0.90119	0,1:0.59145,0.40855	1,0:0.39828,0.60172	1,1:0.97225,0.02775
3	1	4	0:0.12736,0.58082,0.29182	1:0.19508,0.47966,0.32526
2	3	14	18	28	0,0,0:0.90403,0.09597	0,0,1:0.28903,0.71097	0,1,0:0.77877,0.22123	0,1,1:0.39127,0.60873	1,0,0:0.28337,0.71663	1,0,1:0.57328,0.42672	1,1,0:0.05499,0.94501	1,1,1:0.38614,0.61386
3	1	20	0:0.37543,0.23756,0.38701	1:0.22839,0.40657,0.36504	2:0.29586,0.49805,0.20609
2	3	8	13	19	0,0,0:0.70393,0.29607	0,0,1:0.88865,0.11135	0,1,0:0.45792,0.54208	0,1,1:0.51529,0.48471	0,2,0:0.79497,0.20503	0,2,1:0.49127,0.50873	1,0,0:0.32047,0.67953	1,0,1:0.51519,0.48481	1,1,0:0.63758,0.36242	1,1,1:0.4803,0.5197	1,2,0:0.46344,0.53656	1,2,1:0.81625,0.18375
2	4	5	8	11	30	0,0,0,0:0.28551,0.71449	0,0,0,1:0.92157,0.07843	0,0,1,0:0.48916,0.51084	0,0,1,1:0.89532,0.10468	0,0,2,0:0.71648,0.28352	0,0,2,1:0.11131,0.88869	0,1,0,0:0.60262,0.39738	0,1,0,1:0.5674,0.4326	0,1,1,0:0.5784,0.4216	0,1,1,1:0.51221,0.48779	0,1,2,0:0.28618,0.71382	0,1,2,1:0.02145,0.97855	1,0,0,0:0.47102,0.52898	1,0,0,1:0.14929,0.85071	1,0,1,0:0.16971,0.83029	1,0,1,1:0.3361,0.6639	1,0,2,0:0.35399,0.64601	1,0,2,1:0.22499,0.77501	1,1,0,0:0.82198,0.17802	1,1,0,1:0.79055,0.20945	1,1,1,0:0.6127,0.3873	1,1,1,1:0.88084,0.11916	1,1,2,0:0.62836,0.37164	1,1,2,1:0.34517,0.65483
2	1	14	0:0.55792,0.44208	1:0.79883,0.20117
2	2	0	13	0,0:0.38906,0.61094	0,1:0.19171,0.80829	0,2:0.91056,0.08944	1,0:0.37771,0.62229	1,1:0.3149,0.6851	1,2:0.07833,0.92167	2,0:0.82794,0.17206	2,1:0.302,0.698	2,2:0.7579,0.2421
3	1	0	0:0.56072,0.27437,0.16491	1:0.19995,0.43713,0.36292	2:0.39449,0.2472,0.35831
2	3	5	11	20	0,0,0:0.32804,0.67196	0,0,1:0.80488,0.19512	0,0,2:0.85431,0.14569	0,1,0:0.4798,0.5202	0,1,1:0.328,0.672	0,1,2:0.0868,0.9132	0,2,0:0.68967,0.31033	0,2,1:0.45716,0.54284	0,2,2:0.88364,0.11636	1,0,0:0.81134,0.18866	1,0,1:0.76083,0.23917	1,0,2:0.74287,0.25713	1,1,0:0.44333,0.55667	1,1,1:0.50009,0.49991	1,1,2:0.48903,0.51097	1,2,0:0.92015,0.07985	1,2,1:0.38787,0.61213	1,2,2:0.58858,0.41142
3	1	35	0:0.38464,0.20869,0.40667	1:0.4796,0.04575,0.47465
2	2	22	29	0,0:0.78438,0.21562	0,1:0.09647,0.90353	0,2:0.14168,0.85832	1,0:0.19244,0.80756	1,1:0.52759,0.47241	1,2:0.47353,0.52647	2,0:0.1889,0.8111	2,1:0.5494,0.4506	2,2:0.69105,0.30895
2	3	4	12	19	0,0,0:0.5424,0.4576	0,0,1:0.51174,0.48826	0,1,0:0.67362,0.32638	0,1,1:0.28802,0.71198	0,2,0:0.56911,0.43089	0,2,1:0.89605,0.10395	1,0,0:0.41526,0.58474	1,0,1:0.92596,0.07404	1,1,0:0.57862,0.42138	1,1,1:0.39352,0.60648	1,2,0:0.83654,0.16346	1,2,1:0.81893,0.18107
2	1	3	0:0.56856,0.43144	1:0.6411,0.3589
2	3	8	16	24	0,0,0:0.37621,0.62379	0,0,1:0.98415,0.01585	0,1,0:0.52344,0.47656	0,1,1:0.31581,0.68419	0,2,0:0.58551,0.41449	0,2,1:0.81598,0.18402	1,0,0:0.11251,0.88749	1,0,1:0.58235,0.41765	1,1,0:0.475,0.525	1,1,1:0.26063,0.73937	1,2,0:0.76833,0.23167	1,2,1:0.64791,0.35209
2	3	26	28	38	0,0,0:0.36209,0.63791	0,0,1:0.4999,0.5001	0,0,2:0.12553,0.87447	0,1,0:0.56826,0.43174	0,1,1:0.30672,0.69328	0,1,2:0.53207,0.46793	1,0,0:0.61022,0.38978	1,0,1:0.40568,0.59432	1,0,2:0.51974,0.48026	1,1,0:0.42015,0.57985	1,1,1:0.29967,0.70033	1,1,2:0.82624,0.17376
2	4	15	23	25	28	0,0,0,0:0.55734,0.44266	0,0,0,1:0.26121,0.73879	0,0,1,0:0.49269,0.50731	0,0,1,1:0.7413,0.2587	0,0,2,0:0.76486,0.23514	0,0,2,1:0.76954,0.23046	0,1,0,0:0.56482,0.43518	0,1,0,1:0.72392,0.27608	0,1,1,0:0.43634,0.56366	0,1,1,1:0.43083,0.56917	0,1,2,0:0.54497,0.45503	0,1,2,1:0.53433,0.46567	1,0,0,0:0.63648,0.36352	1,0,0,1:0.61199,0.38801	1,0,1,0:0.31869,0.68131	1,0,1,1:0.85953,0.14047	1,0,2,0:0.74121,0.25879	1,0,2,1:0.68927,0.31073	1,1,0,0:0.48018,0.51982	1,1,0,1:0.93236,0.06764	1,1,1,0:0.49715,0.50285	1,1,1,1:0.32375,0.67625	1,1,2,0:0.38243,0.61757	1,1,2,1:0.37168,0.62832
3	1	15	0:0.58712,0.20835,0.20453	1:0.4625,0.31648,0.22102
3	3	7	14	26	0,0,0:0.45108,0.42513,0.12379	0,0,1:0.18021,0.27083,0.54896	0,1,0:0.40582,0.18333,0.41086	0,1,1:0.60192,0.29129,0.10678	1,0,0:0.33031,0.31901,0.35068	1,0,1:0.22704,0.0442,0.72876	1,1,0:0.07808,0.66122,0.2607	1,1,1:0.05631,0.35467,0.58902
2	2	12	20	0,0:0.90868,0.09132	0,1:0.37279,0.62721	0,2:0.64592,0.35408	1,0:0.73306,0.26694	1,1:0.66541,0.33459	1,2:0.17869,0.82131	2,0:0.33919,0.66081	2,1:0.59454,0.40546	2,2:0.44877,0.55123
2	3	3	8	17	0,0,0:0.41696,0.58304	0,0,1:0.38519,0.61481	0,1,0:0.38705,0.61295	0,1,1:0.10849,0.89151	1,0,0:0.84437,0.15563	1,0,1:0.22829,0.77171	1,1,0:0.50131,0.49869	1,1,1:0.33601,0.66399
2	1	14	0:0.53657,0.46343	1:0.46312,0.53688
2	0	0.9999,0.0001
2	0	0.7,0.3
2	0	0.7345,0.2655
3	4	49	50	51	52	0,0,0,0:0.96,0.03,0.01	0,0,0,1:0.85,0.13,0.02	0,0,1,0:0.32,0.56,0.12	0,0,1,1:0.29,0.61,0.1	0,1,0,0:0.28,0.38,0.34	0,1,0,1:0.25,0.33,0.42	0,1,1,0:0.16,0.43,0.41	0,1,1,1:0.08,0.16,0.76	1,0,0,0:0.41,0.44,0.15	1,0,0,1:0.27,0.32,0.41	1,0,1,0:0.07,0.45,0.48	1,0,1,1:0.12,0.3,0.58	1,1,0,0:0.14,0.34,0.52	1,1,0,1:0.07,0.31,0.62	1,1,1,0:0.07,0.21,0.72	1,1,1,1:0.01,0.06,0.93
2	1	53	0:0.9,0.1	1:0.77,0.23	2:0.16,0.84
2	1	53	0:0.63,0.37	1:0.55,0.45	2:0.34,0.66
2	1	53	0:0.97,0.03	1:0.39,0.61	2:0.92,0.08
2	1	53	0:0.59,0.41	1:0.16,0.84	2:0.02,0.98
2	1	53	0:0.72,0.28	1:0.45,0.55	2:0.28,0.72
45
0	1
1	1
2	0
3	1
4	0
5	0
6	0
7	1
8	0
9	1
10	0
11	2
12	1
13	0
14	0
15	1
16	0
17	1
18	0
19	0
20	2
21	0
23	1
25	0
26	0
27	1
28	0
29	1
30	1
31	1
32	1
34	1
35	1
36	1
37	0
39	1
42	0
43	1
45	1
46	2
49	1
51	0
54	1
55	0
57	1
53
